MEME version 4.4

ALPHABET= ACGT

strands: + -

Background letter frequencies (from /mnt/thumper-e1/home/shhuang/projects/dap/analysis.v4/gem07_rep_memechip03/C2C2gata_tnt/GATA1_col_a/background):
A 0.28400 C 0.21600 G 0.21600 T 0.28400 

MOTIF C2C2gata_tnt.GATA1_col_a_m1 MEME

letter-probability matrix: alength= 4 w= 15 nsites= 224 E= 2.4e-251
  0.642857	  0.000000	  0.348214	  0.008929	
  0.062500	  0.227679	  0.017857	  0.691964	
  0.000000	  0.004464	  0.995536	  0.000000	
  0.392857	  0.049107	  0.468750	  0.089286	
  0.089286	  0.200893	  0.000000	  0.709821	
  0.138393	  0.000000	  0.790179	  0.071429	
  0.571429	  0.022321	  0.370536	  0.035714	
  0.080357	  0.084821	  0.058036	  0.776786	
  0.071429	  0.000000	  0.892857	  0.035714	
  0.437500	  0.093750	  0.334821	  0.133929	
  0.142857	  0.147321	  0.000000	  0.709821	
  0.017857	  0.049107	  0.910714	  0.022321	
  0.607143	  0.000000	  0.357143	  0.035714	
  0.075893	  0.062500	  0.075893	  0.785714	
  0.066964	  0.107143	  0.785714	  0.040179	

