MEME version 4.4

ALPHABET= ACGT

strands: + -

Background letter frequencies (from /mnt/thumper-e1/home/shhuang/projects/dap/analysis.v4/gem07_rep_memechip03/AP2EREBP_tnt/At4g31060_colamp_a/background):
A 0.28100 C 0.21900 G 0.21900 T 0.28100 

MOTIF AP2EREBP_tnt.At4g31060_colamp_a_m1 MEME

letter-probability matrix: alength= 4 w= 15 nsites= 589 E= 2.6e-1081
  0.334465	  0.154499	  0.263158	  0.247878	
  0.319185	  0.212224	  0.144312	  0.324278	
  0.308998	  0.118846	  0.186757	  0.385399	
  0.207131	  0.164686	  0.208829	  0.419355	
  0.052632	  0.200340	  0.003396	  0.743633	
  0.000000	  0.000000	  1.000000	  0.000000	
  0.100170	  0.000000	  0.079796	  0.820034	
  0.000000	  1.000000	  0.000000	  0.000000	
  0.000000	  0.000000	  1.000000	  0.000000	
  0.000000	  0.000000	  1.000000	  0.000000	
  0.000000	  0.139219	  0.000000	  0.860781	
  0.067912	  0.008489	  0.886248	  0.037351	
  0.385399	  0.115450	  0.387097	  0.112054	
  0.336163	  0.252971	  0.103565	  0.307301	
  0.237691	  0.110357	  0.368421	  0.283531	

