MEME version 4.4

ALPHABET= ACGT

strands: + -

Background letter frequencies (from /mnt/thumper-e1/home/shhuang/projects/dap/analysis.v4/gem07_rep_memechip03/WRKY_tnt/WRKY42_col_a/background):
A 0.30300 C 0.19700 G 0.19700 T 0.30300 

MOTIF WRKY_tnt.WRKY42_col_a_m1 MEME

letter-probability matrix: alength= 4 w= 21 nsites= 309 E= 5.4e-523
  0.177994	  0.236246	  0.226537	  0.359223	
  0.229773	  0.145631	  0.187702	  0.436893	
  0.207120	  0.110032	  0.220065	  0.462783	
  0.242718	  0.132686	  0.297735	  0.326861	
  0.404531	  0.233010	  0.177994	  0.184466	
  0.381877	  0.297735	  0.097087	  0.223301	
  0.262136	  0.284790	  0.126214	  0.326861	
  0.242718	  0.255663	  0.158576	  0.343042	
  0.310680	  0.165049	  0.300971	  0.223301	
  0.216828	  0.223301	  0.288026	  0.271845	
  0.165049	  0.595469	  0.090615	  0.148867	
  0.003236	  0.000000	  0.974110	  0.022654	
  0.000000	  0.000000	  0.000000	  1.000000	
  0.000000	  0.000000	  0.000000	  1.000000	
  0.000000	  0.000000	  0.993528	  0.006472	
  1.000000	  0.000000	  0.000000	  0.000000	
  0.000000	  1.000000	  0.000000	  0.000000	
  0.019417	  0.291262	  0.022654	  0.666667	
  0.313916	  0.122977	  0.119741	  0.443366	
  0.265372	  0.145631	  0.122977	  0.466019	
  0.203883	  0.155340	  0.297735	  0.343042	

