MEME version 4.4

ALPHABET= ACGT

strands: + -

Background letter frequencies (from /mnt/thumper-e1/home/shhuang/projects/dap/analysis.v4/gem07_rep_memechip03/AP2EREBP_tnt/CRF10_col100_a/background):
A 0.22700 C 0.27300 G 0.27300 T 0.22700 

MOTIF AP2EREBP_tnt.CRF10_col100_a_m1 MEME

letter-probability matrix: alength= 4 w= 15 nsites= 600 E= 5.2e-1056
  0.105000	  0.575000	  0.116667	  0.203333	
  0.153333	  0.601667	  0.063333	  0.181667	
  0.276667	  0.113333	  0.348333	  0.261667	
  0.075000	  0.603333	  0.095000	  0.226667	
  0.110000	  0.808333	  0.013333	  0.068333	
  0.131667	  0.011667	  0.531667	  0.325000	
  0.006667	  0.911667	  0.063333	  0.018333	
  0.025000	  0.963333	  0.011667	  0.000000	
  0.076667	  0.000000	  0.921667	  0.001667	
  0.000000	  0.983333	  0.000000	  0.016667	
  0.000000	  1.000000	  0.000000	  0.000000	
  0.055000	  0.000000	  0.915000	  0.030000	
  0.001667	  0.720000	  0.010000	  0.268333	
  0.200000	  0.481667	  0.096667	  0.221667	
  0.425000	  0.061667	  0.303333	  0.210000	

