MEME version 4.4

ALPHABET= ACGT

strands: + -

Background letter frequencies (from /mnt/thumper-e1/home/shhuang/projects/dap/analysis.v4/gem07_rep_memechip03/LOBAS2_tnt/ASL18_colamp_a/background):
A 0.27900 C 0.22100 G 0.22100 T 0.27900 

MOTIF LOBAS2_tnt.ASL18_colamp_a_m1 MEME

letter-probability matrix: alength= 4 w= 16 nsites= 600 E= 2.6e-757
  0.060000	  0.673333	  0.261667	  0.005000	
  0.021667	  0.976667	  0.001667	  0.000000	
  0.156667	  0.041667	  0.636667	  0.165000	
  0.078333	  0.178333	  0.566667	  0.176667	
  0.436667	  0.095000	  0.228333	  0.240000	
  0.230000	  0.000000	  0.048333	  0.721667	
  0.011667	  0.073333	  0.015000	  0.900000	
  0.093333	  0.153333	  0.008333	  0.745000	
  0.065000	  0.183333	  0.071667	  0.680000	
  0.210000	  0.515000	  0.190000	  0.085000	
  0.140000	  0.641667	  0.115000	  0.103333	
  0.000000	  0.000000	  0.973333	  0.026667	
  0.013333	  0.256667	  0.693333	  0.036667	
  0.343333	  0.376667	  0.118333	  0.161667	
  0.360000	  0.073333	  0.410000	  0.156667	
  0.350000	  0.185000	  0.280000	  0.185000	

