MEME version 4.4

ALPHABET= ACGT

strands: + -

Background letter frequencies (from /mnt/thumper-e1/home/shhuang/projects/dap/analysis.v4/gem07_rep_memechip03/PLATZ_tnt/AT2G01818_col_a/background):
A 0.30000 C 0.20000 G 0.20000 T 0.30000 

MOTIF PLATZ_tnt.AT2G01818_col_a_m1 MEME

letter-probability matrix: alength= 4 w= 15 nsites= 600 E= 4.4e-1672
  0.580000	  0.070000	  0.308333	  0.041667	
  0.005000	  0.006667	  0.988333	  0.000000	
  0.968333	  0.005000	  0.003333	  0.023333	
  0.921667	  0.008333	  0.016667	  0.053333	
  0.075000	  0.238333	  0.550000	  0.136667	
  0.288333	  0.336667	  0.188333	  0.186667	
  0.098333	  0.041667	  0.011667	  0.848333	
  0.013333	  0.000000	  0.006667	  0.980000	
  0.003333	  0.985000	  0.005000	  0.006667	
  0.000000	  0.141667	  0.046667	  0.811667	
  0.778333	  0.036667	  0.183333	  0.001667	
  0.001667	  0.010000	  0.988333	  0.000000	
  0.960000	  0.006667	  0.008333	  0.025000	
  0.700000	  0.056667	  0.110000	  0.133333	
  0.248333	  0.186667	  0.378333	  0.186667	

