MEME version 4.4

ALPHABET= ACGT

strands: + -

Background letter frequencies (from /mnt/thumper-e1/home/shhuang/projects/dap/analysis.v4/gem07_rep_memechip03/AP2EREBP_tnt/At1g75490_colamp_a/background):
A 0.25900 C 0.24100 G 0.24100 T 0.25900 

MOTIF AP2EREBP_tnt.At1g75490_colamp_a_m1 MEME

letter-probability matrix: alength= 4 w= 15 nsites= 579 E= 5.9e-560
  0.227979	  0.381693	  0.107081	  0.283247	
  0.341969	  0.155440	  0.241796	  0.260794	
  0.176166	  0.381693	  0.139896	  0.302245	
  0.165803	  0.480138	  0.100173	  0.253886	
  0.221071	  0.077720	  0.312608	  0.388601	
  0.079447	  0.573402	  0.119171	  0.227979	
  0.096718	  0.870466	  0.018998	  0.013817	
  0.872193	  0.000000	  0.127807	  0.000000	
  0.000000	  1.000000	  0.000000	  0.000000	
  0.000000	  0.998273	  0.000000	  0.001727	
  0.000000	  0.000000	  1.000000	  0.000000	
  0.381693	  0.419689	  0.015544	  0.183074	
  0.115717	  0.623489	  0.036269	  0.224525	
  0.440415	  0.107081	  0.115717	  0.336788	
  0.286701	  0.362694	  0.129534	  0.221071	

