MEME version 4.4

ALPHABET= ACGT

strands: + -

Background letter frequencies (from /mnt/thumper-e1/home/shhuang/projects/dap/analysis.v4/gem07_rep_memechip03/NAC_tnt/CUC3_colamp_a/background):
A 0.29900 C 0.20100 G 0.20100 T 0.29900 

MOTIF NAC_tnt.CUC3_colamp_a_m1 MEME

letter-probability matrix: alength= 4 w= 16 nsites= 561 E= 4.4e-1029
  0.023173	  0.971480	  0.000000	  0.005348	
  0.005348	  0.000000	  0.477718	  0.516934	
  0.000000	  0.000000	  0.007130	  0.992870	
  0.151515	  0.135472	  0.698752	  0.014260	
  0.167558	  0.121212	  0.039216	  0.672014	
  0.267380	  0.169340	  0.224599	  0.338681	
  0.251337	  0.322638	  0.156863	  0.269162	
  0.197861	  0.301248	  0.122995	  0.377897	
  0.491979	  0.058824	  0.165775	  0.283422	
  0.012478	  0.734403	  0.019608	  0.233512	
  1.000000	  0.000000	  0.000000	  0.000000	
  0.213904	  0.786096	  0.000000	  0.000000	
  0.014260	  0.000000	  0.946524	  0.039216	
  0.058824	  0.372549	  0.114082	  0.454545	
  0.322638	  0.231729	  0.012478	  0.433155	
  0.789661	  0.007130	  0.008913	  0.194296	

