MEME version 4.4

ALPHABET= ACGT

strands: + -

Background letter frequencies (from /mnt/thumper-e1/home/shhuang/projects/dap/analysis.v4/gem07_rep_memechip03/NAC_tnt/VND6_colamp_a/background):
A 0.30800 C 0.19200 G 0.19200 T 0.30800 

MOTIF NAC_tnt.VND6_colamp_a_m1 MEME

letter-probability matrix: alength= 4 w= 15 nsites= 600 E= 1.1e-1037
  0.131667	  0.000000	  0.036667	  0.831667	
  0.151667	  0.003333	  0.835000	  0.010000	
  0.021667	  0.978333	  0.000000	  0.000000	
  0.000000	  0.000000	  0.388333	  0.611667	
  0.000000	  0.000000	  0.000000	  1.000000	
  0.181667	  0.181667	  0.541667	  0.095000	
  0.300000	  0.160000	  0.130000	  0.410000	
  0.295000	  0.111667	  0.280000	  0.313333	
  0.191667	  0.230000	  0.211667	  0.366667	
  0.188333	  0.210000	  0.116667	  0.485000	
  0.221667	  0.136667	  0.198333	  0.443333	
  0.018333	  0.493333	  0.115000	  0.373333	
  1.000000	  0.000000	  0.000000	  0.000000	
  0.553333	  0.445000	  0.001667	  0.000000	
  0.003333	  0.000000	  0.956667	  0.040000	

