MEME version 4.4

ALPHABET= ACGT

strands: + -

Background letter frequencies (from /mnt/thumper-e1/home/shhuang/projects/dap/analysis.v4/gem07_rep_memechip03/MYB_tnt/MYB74_colamp_a/background):
A 0.32100 C 0.17900 G 0.17900 T 0.32100 

MOTIF MYB_tnt.MYB74_colamp_a_m1 MEME

letter-probability matrix: alength= 4 w= 14 nsites= 586 E= 8.3e-924
  0.377133	  0.116041	  0.232082	  0.274744	
  0.378840	  0.066553	  0.230375	  0.324232	
  0.527304	  0.010239	  0.092150	  0.370307	
  0.278157	  0.000000	  0.716724	  0.005119	
  0.000000	  0.000000	  0.551195	  0.448805	
  0.000000	  0.000000	  0.000000	  1.000000	
  0.831058	  0.000000	  0.000000	  0.168942	
  0.000000	  0.000000	  1.000000	  0.000000	
  0.001706	  0.001706	  0.924915	  0.071672	
  0.000000	  0.000000	  0.000000	  1.000000	
  0.383959	  0.029010	  0.568259	  0.018771	
  0.479522	  0.078498	  0.319113	  0.122867	
  0.535836	  0.093857	  0.302048	  0.068259	
  0.363481	  0.220137	  0.218430	  0.197952	

