MEME version 4.4

ALPHABET= ACGT

strands: + -

Background letter frequencies (from /mnt/thumper-e1/home/shhuang/projects/dap/analysis.v4/gem07_rep_memechip03/LOBAS2_tnt/LBD13_col_a/background):
A 0.25900 C 0.24100 G 0.24100 T 0.25900 

MOTIF LOBAS2_tnt.LBD13_col_a_m1 MEME

letter-probability matrix: alength= 4 w= 17 nsites= 583 E= 4.8e-1039
  0.113208	  0.655232	  0.046312	  0.185249	
  0.135506	  0.042882	  0.715266	  0.106346	
  0.018868	  0.418525	  0.562607	  0.000000	
  0.053173	  0.939966	  0.000000	  0.006861	
  0.041166	  0.000000	  0.958834	  0.000000	
  0.202401	  0.099485	  0.548885	  0.149228	
  0.538593	  0.142367	  0.168096	  0.150943	
  0.442539	  0.017153	  0.317324	  0.222985	
  0.454545	  0.046312	  0.217839	  0.281304	
  0.336192	  0.161235	  0.039451	  0.463122	
  0.200686	  0.128645	  0.265866	  0.404803	
  0.284734	  0.149228	  0.495712	  0.070326	
  0.049743	  0.898799	  0.000000	  0.051458	
  0.005146	  0.000000	  0.989708	  0.005146	
  0.003431	  0.070326	  0.915952	  0.010292	
  0.243568	  0.524871	  0.034305	  0.197256	
  0.157804	  0.034305	  0.747856	  0.060034	

