MEME version 4.4

ALPHABET= ACGT

strands: + -

Background letter frequencies (from /mnt/thumper-e1/home/shhuang/projects/dap/analysis.v4/gem07_rep_memechip03/AP2EREBP_tnt/DREB19_colamp_a/background):
A 0.30800 C 0.19200 G 0.19200 T 0.30800 

MOTIF AP2EREBP_tnt.DREB19_colamp_a_m1 MEME

letter-probability matrix: alength= 4 w= 14 nsites= 595 E= 2.0e-1359
  0.317647	  0.247059	  0.115966	  0.319328	
  0.198319	  0.131092	  0.164706	  0.505882	
  0.394958	  0.169748	  0.124370	  0.310924	
  0.581513	  0.384874	  0.033613	  0.000000	
  0.942857	  0.000000	  0.057143	  0.000000	
  0.000000	  1.000000	  0.000000	  0.000000	
  0.000000	  1.000000	  0.000000	  0.000000	
  0.000000	  0.000000	  1.000000	  0.000000	
  0.910924	  0.089076	  0.000000	  0.000000	
  0.000000	  1.000000	  0.000000	  0.000000	
  0.689076	  0.058824	  0.003361	  0.248739	
  0.042017	  0.052101	  0.000000	  0.905882	
  0.428571	  0.048739	  0.042017	  0.480672	
  0.406723	  0.110924	  0.230252	  0.252101	

