MEME version 4.4

ALPHABET= ACGT

strands: + -

Background letter frequencies (from /mnt/thumper-e1/home/shhuang/projects/dap/analysis.v4/gem07_rep_memechip03/E2FDP_tnt/E2FA_colamp_a/background):
A 0.30700 C 0.19300 G 0.19300 T 0.30700 

MOTIF E2FDP_tnt.E2FA_colamp_a_m1 MEME

letter-probability matrix: alength= 4 w= 14 nsites= 592 E= 2.5e-1399
  0.212838	  0.150338	  0.052365	  0.584459	
  0.175676	  0.092905	  0.054054	  0.677365	
  0.189189	  0.027027	  0.130068	  0.653716	
  0.021959	  0.000000	  0.015203	  0.962838	
  0.005068	  0.000000	  0.994932	  0.000000	
  0.000000	  0.000000	  1.000000	  0.000000	
  0.000000	  1.000000	  0.000000	  0.000000	
  0.000000	  0.000000	  1.000000	  0.000000	
  0.000000	  0.902027	  0.097973	  0.000000	
  0.000000	  0.719595	  0.214527	  0.065878	
  0.548986	  0.165541	  0.032095	  0.253378	
  0.391892	  0.133446	  0.055743	  0.418919	
  0.376689	  0.140203	  0.084459	  0.398649	
  0.361486	  0.138514	  0.111486	  0.388514	

