MEME version 4.4

ALPHABET= ACGT

strands: + -

Background letter frequencies (from /mnt/thumper-e1/home/shhuang/projects/dap/analysis.v4/gem07_rep_memechip03/MYBrelated_tnt/At5g05790_col_a/background):
A 0.31300 C 0.18700 G 0.18700 T 0.31300 

MOTIF MYBrelated_tnt.At5g05790_col_a_m1 MEME

letter-probability matrix: alength= 4 w= 15 nsites= 587 E= 3.2e-670
  0.543441	  0.134583	  0.100511	  0.221465	
  0.502555	  0.003407	  0.056218	  0.437819	
  0.027257	  0.579216	  0.068143	  0.325383	
  0.236797	  0.592845	  0.114140	  0.056218	
  0.000000	  0.037479	  0.000000	  0.962521	
  0.011925	  0.190801	  0.025554	  0.771721	
  1.000000	  0.000000	  0.000000	  0.000000	
  0.000000	  0.000000	  0.000000	  1.000000	
  0.000000	  1.000000	  0.000000	  0.000000	
  0.226576	  0.279387	  0.025554	  0.468484	
  0.202726	  0.119250	  0.097104	  0.580920	
  0.223169	  0.340716	  0.197615	  0.238501	
  0.597956	  0.000000	  0.044293	  0.357751	
  0.156729	  0.202726	  0.063032	  0.577513	
  0.255537	  0.436116	  0.069847	  0.238501	

