MEME version 4.4

ALPHABET= ACGT

strands: + -

Background letter frequencies (from /mnt/thumper-e1/home/shhuang/projects/dap/analysis.v4/gem07_rep_memechip03/C2C2gata_tnt/GATA12_col_a/background):
A 0.30300 C 0.19700 G 0.19700 T 0.30300 

MOTIF C2C2gata_tnt.GATA12_col_a_m1 MEME

letter-probability matrix: alength= 4 w= 13 nsites= 591 E= 3.1e-907
  0.307953	  0.077834	  0.428088	  0.186125	
  0.648054	  0.103215	  0.057530	  0.191201	
  0.228426	  0.065990	  0.069374	  0.636210	
  0.116751	  0.460237	  0.049069	  0.373942	
  0.000000	  0.600677	  0.025381	  0.373942	
  0.847716	  0.033841	  0.118443	  0.000000	
  0.001692	  0.000000	  0.998308	  0.000000	
  1.000000	  0.000000	  0.000000	  0.000000	
  0.001692	  0.000000	  0.000000	  0.998308	
  0.000000	  0.984772	  0.000000	  0.015228	
  0.018613	  0.299492	  0.001692	  0.680203	
  0.458545	  0.096447	  0.387479	  0.057530	
  0.538071	  0.079526	  0.243655	  0.138748	

