MEME version 4.4

ALPHABET= ACGT

strands: + -

Background letter frequencies (from /mnt/thumper-e1/home/shhuang/projects/dap/analysis.v4/gem07_rep_memechip03/EIL_tnt/EIN3_col_a/background):
A 0.33300 C 0.16700 G 0.16700 T 0.33300 

MOTIF EIL_tnt.EIN3_col_a_m1 MEME

letter-probability matrix: alength= 4 w= 15 nsites= 600 E= 7.3e-582
  0.151667	  0.048333	  0.696667	  0.103333	
  0.241667	  0.080000	  0.206667	  0.471667	
  0.190000	  0.605000	  0.066667	  0.138333	
  0.095000	  0.375000	  0.016667	  0.513333	
  0.768333	  0.076667	  0.051667	  0.103333	
  0.268333	  0.185000	  0.411667	  0.135000	
  0.636667	  0.008333	  0.351667	  0.003333	
  0.011667	  0.001667	  0.015000	  0.971667	
  0.280000	  0.040000	  0.095000	  0.585000	
  0.045000	  0.940000	  0.008333	  0.006667	
  0.830000	  0.015000	  0.100000	  0.055000	
  0.415000	  0.066667	  0.110000	  0.408333	
  0.130000	  0.071667	  0.058333	  0.740000	
  0.008333	  0.081667	  0.846667	  0.063333	
  0.475000	  0.165000	  0.046667	  0.313333	

