MEME version 4.4

ALPHABET= ACGT

strands: + -

Background letter frequencies (from /mnt/thumper-e1/home/shhuang/projects/dap/analysis.v4/gem07_rep_memechip03/MYB_tnt/MYB17_colamp_a/background):
A 0.31300 C 0.18700 G 0.18700 T 0.31300 

MOTIF MYB_tnt.MYB17_colamp_a_m1 MEME

letter-probability matrix: alength= 4 w= 15 nsites= 571 E= 2.4e-935
  0.399299	  0.098074	  0.210158	  0.292469	
  0.355517	  0.101576	  0.227671	  0.315236	
  0.262697	  0.096322	  0.336252	  0.304729	
  0.274956	  0.057793	  0.246935	  0.420315	
  0.315236	  0.022767	  0.117338	  0.544658	
  0.192644	  0.000000	  0.805604	  0.001751	
  0.001751	  0.005254	  0.865149	  0.127846	
  0.000000	  0.000000	  0.000000	  1.000000	
  0.718039	  0.000000	  0.040280	  0.241681	
  0.000000	  0.000000	  1.000000	  0.000000	
  0.000000	  0.000000	  0.870403	  0.129597	
  0.003503	  0.000000	  0.000000	  0.996497	
  0.278459	  0.010508	  0.609457	  0.101576	
  0.436077	  0.061296	  0.367776	  0.134851	
  0.413310	  0.077058	  0.439580	  0.070053	

