MEME version 4.4

ALPHABET= ACGT

strands: + -

Background letter frequencies (from /mnt/thumper-e1/home/shhuang/projects/dap/analysis.v4/gem07_rep_memechip03/HB_tnt/ATHB40_col_a/background):
A 0.35000 C 0.15000 G 0.15000 T 0.35000 

MOTIF HB_tnt.ATHB40_col_a_m1 MEME

letter-probability matrix: alength= 4 w= 21 nsites= 600 E= 1.7e-925
  0.388333	  0.155000	  0.196667	  0.260000	
  0.355000	  0.281667	  0.158333	  0.205000	
  0.673333	  0.041667	  0.113333	  0.171667	
  0.185000	  0.541667	  0.113333	  0.160000	
  0.035000	  0.883333	  0.000000	  0.081667	
  1.000000	  0.000000	  0.000000	  0.000000	
  1.000000	  0.000000	  0.000000	  0.000000	
  0.000000	  0.000000	  0.000000	  1.000000	
  0.646667	  0.030000	  0.041667	  0.281667	
  1.000000	  0.000000	  0.000000	  0.000000	
  0.000000	  0.000000	  0.000000	  1.000000	
  0.093333	  0.008333	  0.068333	  0.830000	
  0.153333	  0.015000	  0.661667	  0.170000	
  0.425000	  0.100000	  0.235000	  0.240000	
  0.368333	  0.173333	  0.210000	  0.248333	
  0.285000	  0.241667	  0.221667	  0.251667	
  0.320000	  0.265000	  0.131667	  0.283333	
  0.343333	  0.201667	  0.093333	  0.361667	
  0.360000	  0.111667	  0.116667	  0.411667	
  0.435000	  0.106667	  0.090000	  0.368333	
  0.368333	  0.141667	  0.085000	  0.405000	

