MEME version 4.4

ALPHABET= ACGT

strands: + -

Background letter frequencies (from /mnt/thumper-e1/home/shhuang/projects/dap/analysis.v4/gem07_rep_memechip03/AP2EREBP_tnt/ERF73_col_a/background):
A 0.24900 C 0.25100 G 0.25100 T 0.24900 

MOTIF AP2EREBP_tnt.ERF73_col_a_m1 MEME

letter-probability matrix: alength= 4 w= 21 nsites= 563 E= 9.0e-1326
  0.156306	  0.440497	  0.147425	  0.255773	
  0.209591	  0.474245	  0.090586	  0.225577	
  0.310835	  0.126110	  0.287744	  0.275311	
  0.115453	  0.479574	  0.133215	  0.271758	
  0.181172	  0.648313	  0.028419	  0.142096	
  0.168739	  0.088810	  0.376554	  0.365897	
  0.033748	  0.742451	  0.154529	  0.069272	
  0.024867	  0.975133	  0.000000	  0.000000	
  0.031972	  0.000000	  0.968028	  0.000000	
  0.000000	  0.992895	  0.000000	  0.007105	
  0.000000	  1.000000	  0.000000	  0.000000	
  0.012433	  0.000000	  0.975133	  0.012433	
  0.000000	  0.948490	  0.000000	  0.051510	
  0.094139	  0.836590	  0.014210	  0.055062	
  0.506217	  0.000000	  0.380107	  0.113677	
  0.120782	  0.383659	  0.083481	  0.412078	
  0.275311	  0.293073	  0.062167	  0.369449	
  0.280639	  0.076377	  0.264654	  0.378330	
  0.150977	  0.419183	  0.108348	  0.321492	
  0.241563	  0.410302	  0.115453	  0.232682	
  0.261101	  0.177620	  0.323268	  0.238011	

