MEME version 4.4

ALPHABET= ACGT

strands: + -

Background letter frequencies (from /mnt/thumper-e1/home/shhuang/projects/dap/analysis.v4/gem07_rep_memechip03/NAC_tnt/NAC2_col_v3a/background):
A 0.31500 C 0.18500 G 0.18500 T 0.31500 

MOTIF NAC_tnt.NAC2_col_v3a_m1 MEME

letter-probability matrix: alength= 4 w= 17 nsites= 599 E= 1.7e-1871
  0.010017	  0.988314	  0.001669	  0.000000	
  0.000000	  0.000000	  0.153589	  0.846411	
  0.000000	  0.000000	  0.000000	  1.000000	
  0.083472	  0.108514	  0.786311	  0.021703	
  0.095159	  0.217028	  0.065109	  0.622705	
  0.136895	  0.155259	  0.227045	  0.480801	
  0.168614	  0.325543	  0.262104	  0.243740	
  0.207012	  0.362270	  0.131886	  0.298831	
  0.337229	  0.205342	  0.257095	  0.200334	
  0.000000	  0.986644	  0.003339	  0.010017	
  1.000000	  0.000000	  0.000000	  0.000000	
  0.938230	  0.060100	  0.001669	  0.000000	
  0.000000	  0.000000	  1.000000	  0.000000	
  0.644407	  0.120200	  0.050083	  0.185309	
  0.806344	  0.098497	  0.000000	  0.095159	
  0.981636	  0.000000	  0.000000	  0.018364	
  0.170284	  0.525876	  0.098497	  0.205342	

