MEME version 4.4

ALPHABET= ACGT

strands: + -

Background letter frequencies (from /mnt/thumper-e1/home/shhuang/projects/dap/analysis.v4/gem07_rep_memechip03/NAC_tnt/ANAC045_colamp_a/background):
A 0.29600 C 0.20400 G 0.20400 T 0.29600 

MOTIF NAC_tnt.ANAC045_colamp_a_m1 MEME

letter-probability matrix: alength= 4 w= 16 nsites= 590 E= 3.4e-1144
  0.006780	  0.993220	  0.000000	  0.000000	
  0.000000	  0.038983	  0.416949	  0.544068	
  0.000000	  0.003390	  0.000000	  0.996610	
  0.137288	  0.120339	  0.710169	  0.032203	
  0.244068	  0.262712	  0.108475	  0.384746	
  0.322034	  0.157627	  0.308475	  0.211864	
  0.240678	  0.167797	  0.369492	  0.222034	
  0.333898	  0.245763	  0.167797	  0.252542	
  0.445763	  0.115254	  0.189831	  0.249153	
  0.033898	  0.625424	  0.298305	  0.042373	
  1.000000	  0.000000	  0.000000	  0.000000	
  0.793220	  0.181356	  0.025424	  0.000000	
  0.000000	  0.000000	  1.000000	  0.000000	
  0.172881	  0.396610	  0.157627	  0.272881	
  0.711864	  0.137288	  0.010169	  0.140678	
  0.976271	  0.000000	  0.000000	  0.023729	

