MEME version 4.4

ALPHABET= ACGT

strands: + -

Background letter frequencies (from /mnt/thumper-e1/home/shhuang/projects/dap/analysis.v4/gem07_rep_memechip03/AP2EREBP_tnt/PLT1_colamp_a/background):
A 0.29400 C 0.20500 G 0.20500 T 0.29400 

MOTIF AP2EREBP_tnt.PLT1_colamp_a_m1 MEME

letter-probability matrix: alength= 4 w= 14 nsites= 487 E= 4.0e-412
  0.219713	  0.030801	  0.437372	  0.312115	
  0.045175	  0.718686	  0.016427	  0.219713	
  0.482546	  0.098563	  0.223819	  0.195072	
  0.100616	  0.761807	  0.049281	  0.088296	
  0.310062	  0.067762	  0.535934	  0.086242	
  0.451745	  0.180698	  0.186858	  0.180698	
  0.437372	  0.059548	  0.088296	  0.414784	
  0.154004	  0.078029	  0.049281	  0.718686	
  0.162218	  0.550308	  0.010267	  0.277207	
  0.030801	  0.537988	  0.000000	  0.431211	
  0.039014	  0.958932	  0.002053	  0.000000	
  0.266940	  0.039014	  0.657084	  0.036961	
  0.987680	  0.002053	  0.010267	  0.000000	
  0.094456	  0.016427	  0.751540	  0.137577	

