MEME version 4.4

ALPHABET= ACGT

strands: + -

Background letter frequencies (from /mnt/thumper-e1/home/shhuang/projects/dap/analysis.v4/gem07_rep_memechip03/MYB_tnt/MYB58_colamp_a/background):
A 0.30300 C 0.19700 G 0.19700 T 0.30300 

MOTIF MYB_tnt.MYB58_colamp_a_m1 MEME

letter-probability matrix: alength= 4 w= 21 nsites= 600 E= 1.1e-1043
  0.310000	  0.120000	  0.310000	  0.260000	
  0.298333	  0.146667	  0.253333	  0.301667	
  0.251667	  0.151667	  0.255000	  0.341667	
  0.273333	  0.155000	  0.310000	  0.261667	
  0.300000	  0.141667	  0.211667	  0.346667	
  0.283333	  0.121667	  0.281667	  0.313333	
  0.285000	  0.030000	  0.433333	  0.251667	
  0.213333	  0.083333	  0.326667	  0.376667	
  0.223333	  0.000000	  0.770000	  0.006667	
  0.003333	  0.000000	  0.710000	  0.286667	
  0.000000	  0.000000	  0.000000	  1.000000	
  0.293333	  0.001667	  0.001667	  0.703333	
  0.001667	  0.000000	  0.998333	  0.000000	
  0.000000	  0.000000	  0.896667	  0.103333	
  0.000000	  0.000000	  0.000000	  1.000000	
  0.245000	  0.005000	  0.738333	  0.011667	
  0.400000	  0.066667	  0.383333	  0.150000	
  0.503333	  0.088333	  0.296667	  0.111667	
  0.308333	  0.216667	  0.293333	  0.181667	
  0.235000	  0.315000	  0.208333	  0.241667	
  0.345000	  0.121667	  0.190000	  0.343333	

