MEME version 4.4

ALPHABET= ACGT

strands: + -

Background letter frequencies (from /mnt/thumper-e1/home/shhuang/projects/dap/analysis.v4/gem07_rep_memechip03/ARID_tnt/AT1G04880_col_a/background):
A 0.37000 C 0.13000 G 0.13000 T 0.37000 

MOTIF ARID_tnt.AT1G04880_col_a_m1 MEME

letter-probability matrix: alength= 4 w= 16 nsites= 315 E= 2.2e-367
  0.069841	  0.082540	  0.034921	  0.812698	
  0.695238	  0.012698	  0.000000	  0.292063	
  0.047619	  0.000000	  0.000000	  0.952381	
  0.980952	  0.006349	  0.006349	  0.006349	
  0.342857	  0.082540	  0.079365	  0.495238	
  0.206349	  0.060317	  0.041270	  0.692063	
  0.907937	  0.057143	  0.022222	  0.012698	
  0.000000	  0.003175	  0.000000	  0.996825	
  1.000000	  0.000000	  0.000000	  0.000000	
  0.273016	  0.000000	  0.000000	  0.726984	
  0.641270	  0.000000	  0.228571	  0.130159	
  0.130159	  0.060317	  0.787302	  0.022222	
  0.009524	  0.006349	  0.000000	  0.984127	
  0.225397	  0.063492	  0.019048	  0.692063	
  0.101587	  0.063492	  0.053968	  0.780952	
  0.253968	  0.069841	  0.104762	  0.571429	

