MEME version 4.4

ALPHABET= ACGT

strands: + -

Background letter frequencies (from /mnt/thumper-e1/home/shhuang/projects/dap/analysis.v4/gem07_rep_memechip03/MYBrelated_tnt/TBP3_col_a/background):
A 0.32400 C 0.17600 G 0.17600 T 0.32400 

MOTIF MYBrelated_tnt.TBP3_col_a_m1 MEME

letter-probability matrix: alength= 4 w= 19 nsites= 572 E= 2.7e-1113
  0.465035	  0.183566	  0.118881	  0.232517	
  0.484266	  0.132867	  0.118881	  0.263986	
  0.458042	  0.159091	  0.101399	  0.281469	
  0.414336	  0.199301	  0.082168	  0.304196	
  0.298951	  0.258741	  0.075175	  0.367133	
  0.208042	  0.139860	  0.132867	  0.519231	
  0.527972	  0.015734	  0.150350	  0.305944	
  0.660839	  0.005245	  0.001748	  0.332168	
  0.585664	  0.000000	  0.414336	  0.000000	
  0.073427	  0.926573	  0.000000	  0.000000	
  0.000000	  1.000000	  0.000000	  0.000000	
  0.000000	  1.000000	  0.000000	  0.000000	
  0.000000	  0.000000	  0.000000	  1.000000	
  1.000000	  0.000000	  0.000000	  0.000000	
  0.844406	  0.000000	  0.152098	  0.003497	
  0.333916	  0.152098	  0.020979	  0.493007	
  0.166084	  0.204545	  0.043706	  0.585664	
  0.251748	  0.239510	  0.103147	  0.405594	
  0.244755	  0.258741	  0.153846	  0.342657	

