MEME version 4.4

ALPHABET= ACGT

strands: + -

Background letter frequencies (from /mnt/thumper-e1/home/shhuang/projects/dap/analysis.v4/gem07_rep_memechip03/MYB_tnt/MYB119_colamp_a/background):
A 0.33400 C 0.16600 G 0.16600 T 0.33400 

MOTIF MYB_tnt.MYB119_colamp_a_m1 MEME

letter-probability matrix: alength= 4 w= 15 nsites= 598 E= 8.7e-1254
  0.483278	  0.081940	  0.142140	  0.292642	
  0.548495	  0.055184	  0.065217	  0.331104	
  0.469900	  0.036789	  0.050167	  0.443144	
  0.321070	  0.140468	  0.041806	  0.496656	
  0.123746	  0.329431	  0.013378	  0.533445	
  0.038462	  0.000000	  0.961538	  0.000000	
  0.000000	  0.000000	  0.000000	  1.000000	
  1.000000	  0.000000	  0.000000	  0.000000	
  1.000000	  0.000000	  0.000000	  0.000000	
  0.000000	  1.000000	  0.000000	  0.000000	
  0.000000	  0.147157	  0.836120	  0.016722	
  0.000000	  0.023411	  0.673913	  0.302676	
  0.361204	  0.177258	  0.000000	  0.461538	
  0.173913	  0.304348	  0.000000	  0.521739	
  0.523411	  0.078595	  0.279264	  0.118729	

