MEME version 4.4

ALPHABET= ACGT

strands: + -

Background letter frequencies (from /mnt/thumper-e1/home/shhuang/projects/dap/analysis.v4/gem07_rep_memechip03/NAC_tnt/CUC1_colamp_a/background):
A 0.30000 C 0.20000 G 0.20000 T 0.30000 

MOTIF NAC_tnt.CUC1_colamp_a_m1 MEME

letter-probability matrix: alength= 4 w= 19 nsites= 227 E= 3.5e-486
  0.590308	  0.123348	  0.092511	  0.193833	
  0.123348	  0.101322	  0.651982	  0.123348	
  0.273128	  0.136564	  0.418502	  0.171806	
  0.096916	  0.008811	  0.008811	  0.885463	
  0.392070	  0.013216	  0.215859	  0.378855	
  0.471366	  0.105727	  0.378855	  0.044053	
  0.004405	  0.995595	  0.000000	  0.000000	
  0.000000	  0.000000	  0.876652	  0.123348	
  0.000000	  0.000000	  0.000000	  1.000000	
  0.185022	  0.000000	  0.814978	  0.000000	
  0.145374	  0.189427	  0.008811	  0.656388	
  0.286344	  0.101322	  0.277533	  0.334802	
  0.303965	  0.189427	  0.312775	  0.193833	
  0.334802	  0.220264	  0.215859	  0.229075	
  0.488987	  0.114537	  0.162996	  0.233480	
  0.022026	  0.621145	  0.176211	  0.180617	
  1.000000	  0.000000	  0.000000	  0.000000	
  0.700441	  0.299559	  0.000000	  0.000000	
  0.000000	  0.000000	  0.991189	  0.008811	

