MEME version 4.4

ALPHABET= ACGT

strands: + -

Background letter frequencies (from /mnt/thumper-e1/home/shhuang/projects/dap/analysis.v4/gem07_rep_memechip03/CPP_tnt/TCX2_colamp_a/background):
A 0.36600 C 0.13400 G 0.13400 T 0.36600 

MOTIF CPP_tnt.TCX2_colamp_a_m1 MEME

letter-probability matrix: alength= 4 w= 14 nsites= 600 E= 1.5e-771
  0.196667	  0.068333	  0.035000	  0.700000	
  0.111667	  0.071667	  0.005000	  0.811667	
  0.121667	  0.275000	  0.071667	  0.531667	
  0.495000	  0.201667	  0.193333	  0.110000	
  0.890000	  0.015000	  0.068333	  0.026667	
  0.936667	  0.021667	  0.013333	  0.028333	
  0.793333	  0.000000	  0.046667	  0.160000	
  0.011667	  0.000000	  0.006667	  0.981667	
  0.000000	  0.000000	  0.000000	  1.000000	
  0.000000	  0.478333	  0.000000	  0.521667	
  0.688333	  0.000000	  0.311667	  0.000000	
  1.000000	  0.000000	  0.000000	  0.000000	
  1.000000	  0.000000	  0.000000	  0.000000	
  0.293333	  0.131667	  0.005000	  0.570000	

