MEME version 4.4

ALPHABET= ACGT

strands: + -

Background letter frequencies (from /mnt/thumper-e1/home/shhuang/projects/dap/analysis.v4/gem07_rep_memechip03/AP2EREBP_tnt/ERF4_colamp_a/background):
A 0.26000 C 0.24000 G 0.24000 T 0.26000 

MOTIF AP2EREBP_tnt.ERF4_colamp_a_m1 MEME

letter-probability matrix: alength= 4 w= 20 nsites= 582 E= 5.0e-1231
  0.256014	  0.158076	  0.400344	  0.185567	
  0.333333	  0.151203	  0.348797	  0.166667	
  0.415808	  0.190722	  0.111684	  0.281787	
  0.422680	  0.048110	  0.189003	  0.340206	
  0.513746	  0.041237	  0.209622	  0.235395	
  0.121993	  0.262887	  0.006873	  0.608247	
  0.034364	  0.001718	  0.886598	  0.077320	
  0.268041	  0.000000	  0.697595	  0.034364	
  0.001718	  0.998282	  0.000000	  0.000000	
  0.000000	  0.000000	  1.000000	  0.000000	
  0.001718	  0.000000	  0.998282	  0.000000	
  0.000000	  1.000000	  0.000000	  0.000000	
  0.000000	  0.000000	  0.924399	  0.075601	
  0.077320	  0.249141	  0.587629	  0.085911	
  0.391753	  0.262887	  0.130584	  0.214777	
  0.231959	  0.067010	  0.530928	  0.170103	
  0.300687	  0.154639	  0.396907	  0.147766	
  0.280069	  0.238832	  0.189003	  0.292096	
  0.300687	  0.089347	  0.426117	  0.183849	
  0.281787	  0.199313	  0.328179	  0.190722	

