MEME version 4.4

ALPHABET= ACGT

strands: + -

Background letter frequencies (from /mnt/thumper-e1/home/shhuang/projects/dap/analysis.v4/gem07_rep_memechip03/C2C2dof_tnt/AT2G28810_col_a/background):
A 0.34700 C 0.15300 G 0.15300 T 0.34700 

MOTIF C2C2dof_tnt.AT2G28810_col_a_m1 MEME

letter-probability matrix: alength= 4 w= 21 nsites= 600 E= 2.6e-647
  0.173333	  0.186667	  0.116667	  0.523333	
  0.175000	  0.215000	  0.101667	  0.508333	
  0.198333	  0.290000	  0.083333	  0.428333	
  0.145000	  0.213333	  0.058333	  0.583333	
  0.161667	  0.188333	  0.065000	  0.585000	
  0.166667	  0.171667	  0.065000	  0.596667	
  0.193333	  0.206667	  0.120000	  0.480000	
  0.188333	  0.183333	  0.100000	  0.528333	
  0.141667	  0.211667	  0.071667	  0.575000	
  0.183333	  0.110000	  0.096667	  0.610000	
  0.138333	  0.110000	  0.103333	  0.648333	
  0.050000	  0.220000	  0.031667	  0.698333	
  0.320000	  0.158333	  0.070000	  0.451667	
  0.450000	  0.183333	  0.213333	  0.153333	
  0.000000	  1.000000	  0.000000	  0.000000	
  0.000000	  0.000000	  0.000000	  1.000000	
  0.000000	  0.000000	  0.000000	  1.000000	
  0.000000	  0.000000	  0.000000	  1.000000	
  0.216667	  0.025000	  0.000000	  0.758333	
  0.098333	  0.075000	  0.110000	  0.716667	
  0.148333	  0.261667	  0.251667	  0.338333	

