MEME version 4.4

ALPHABET= ACGT

strands: + -

Background letter frequencies (from /mnt/thumper-e1/home/shhuang/projects/dap/analysis.v4/gem07_rep_memechip03/C2C2gata_tnt/GATA15_col_b/background):
A 0.31300 C 0.18700 G 0.18700 T 0.31300 

MOTIF C2C2gata_tnt.GATA15_col_b_m1 MEME

letter-probability matrix: alength= 4 w= 19 nsites= 342 E= 2.0e-1337
  0.008772	  0.695906	  0.251462	  0.043860	
  0.944444	  0.000000	  0.014620	  0.040936	
  0.011696	  0.046784	  0.000000	  0.941520	
  0.020468	  0.745614	  0.210526	  0.023392	
  0.967836	  0.000000	  0.020468	  0.011696	
  0.002924	  0.035088	  0.000000	  0.961988	
  0.020468	  0.883041	  0.043860	  0.052632	
  0.912281	  0.020468	  0.011696	  0.055556	
  0.052632	  0.073099	  0.017544	  0.856725	
  0.061404	  0.710526	  0.178363	  0.049708	
  0.900585	  0.005848	  0.038012	  0.055556	
  0.035088	  0.049708	  0.020468	  0.894737	
  0.043860	  0.871345	  0.032164	  0.052632	
  0.839181	  0.011696	  0.049708	  0.099415	
  0.029240	  0.076023	  0.038012	  0.856725	
  0.111111	  0.707602	  0.175439	  0.005848	
  0.847953	  0.038012	  0.061404	  0.052632	
  0.125731	  0.023392	  0.005848	  0.845029	
  0.055556	  0.780702	  0.058480	  0.105263	

