MEME version 4.4

ALPHABET= ACGT

strands: + -

Background letter frequencies (from /mnt/thumper-e1/home/shhuang/projects/dap/analysis.v4/gem07_rep_memechip03/NAC_tnt/ANAC058_col_a/background):
A 0.29600 C 0.20400 G 0.20400 T 0.29600 

MOTIF NAC_tnt.ANAC058_col_a_m1 MEME

letter-probability matrix: alength= 4 w= 16 nsites= 591 E= 5.7e-1236
  0.005076	  0.994924	  0.000000	  0.000000	
  0.000000	  0.001692	  0.382403	  0.615905	
  0.000000	  0.000000	  0.000000	  1.000000	
  0.135364	  0.074450	  0.773266	  0.016920	
  0.197970	  0.147208	  0.065990	  0.588832	
  0.263959	  0.199662	  0.306261	  0.230118	
  0.291032	  0.360406	  0.135364	  0.213198	
  0.323181	  0.279188	  0.152284	  0.245347	
  0.600677	  0.037225	  0.218274	  0.143824	
  0.008460	  0.774958	  0.065990	  0.150592	
  1.000000	  0.000000	  0.000000	  0.000000	
  0.456853	  0.543147	  0.000000	  0.000000	
  0.000000	  0.000000	  0.964467	  0.035533	
  0.125212	  0.274112	  0.043993	  0.556684	
  0.468697	  0.137056	  0.006768	  0.387479	
  0.884941	  0.006768	  0.011844	  0.096447	

