MEME version 4.4

ALPHABET= ACGT

strands: + -

Background letter frequencies (from /mnt/thumper-e1/home/shhuang/projects/dap/analysis.v4/gem07_rep_memechip03/WRKY_tnt/WRKY40_col/background):
A 0.31800 C 0.18200 G 0.18200 T 0.31800 

MOTIF WRKY_tnt.WRKY40_col_m1 MEME

letter-probability matrix: alength= 4 w= 15 nsites= 600 E= 2.3e-910
  0.320000	  0.115000	  0.288333	  0.276667	
  0.290000	  0.226667	  0.208333	  0.275000	
  0.101667	  0.485000	  0.128333	  0.285000	
  0.118333	  0.148333	  0.465000	  0.268333	
  0.010000	  0.000000	  0.000000	  0.990000	
  0.000000	  0.000000	  0.000000	  1.000000	
  0.000000	  0.000000	  0.998333	  0.001667	
  0.995000	  0.000000	  0.005000	  0.000000	
  0.000000	  1.000000	  0.000000	  0.000000	
  0.000000	  0.208333	  0.000000	  0.791667	
  0.180000	  0.031667	  0.066667	  0.721667	
  0.111667	  0.061667	  0.161667	  0.665000	
  0.110000	  0.150000	  0.215000	  0.525000	
  0.230000	  0.218333	  0.136667	  0.415000	
  0.248333	  0.271667	  0.163333	  0.316667	

