MEME version 4.4

ALPHABET= ACGT

strands: + -

Background letter frequencies (from /mnt/thumper-e1/home/shhuang/projects/dap/analysis.v4/gem07_rep_memechip03/G2like_tnt/At2g01060_colamp_a/background):
A 0.32100 C 0.17900 G 0.17900 T 0.32100 

MOTIF G2like_tnt.At2g01060_colamp_a_m1 MEME

letter-probability matrix: alength= 4 w= 15 nsites= 596 E= 2.5e-476
  0.379195	  0.169463	  0.226510	  0.224832	
  0.365772	  0.208054	  0.156040	  0.270134	
  0.461409	  0.164430	  0.134228	  0.239933	
  0.454698	  0.095638	  0.181208	  0.268456	
  0.369128	  0.161074	  0.179530	  0.290268	
  0.437919	  0.241611	  0.318792	  0.001678	
  0.000000	  0.000000	  0.998322	  0.001678	
  0.833893	  0.110738	  0.008389	  0.046980	
  0.991611	  0.000000	  0.000000	  0.008389	
  0.000000	  0.000000	  0.000000	  1.000000	
  0.580537	  0.419463	  0.000000	  0.000000	
  0.020134	  0.000000	  0.000000	  0.979866	
  0.187919	  0.125839	  0.135906	  0.550336	
  0.132550	  0.536913	  0.087248	  0.243289	
  0.233221	  0.275168	  0.124161	  0.367450	

