MEME version 4.4

ALPHABET= ACGT

strands: + -

Background letter frequencies (from /mnt/thumper-e1/home/shhuang/projects/dap/analysis.v4/gem07_rep_memechip03/NAC_tnt/ANAC096_colamp_a/background):
A 0.30800 C 0.19200 G 0.19200 T 0.30800 

MOTIF NAC_tnt.ANAC096_colamp_a_m1 MEME

letter-probability matrix: alength= 4 w= 18 nsites= 590 E= 1.0e-1474
  0.000000	  1.000000	  0.000000	  0.000000	
  0.000000	  0.000000	  0.091525	  0.908475	
  0.000000	  0.000000	  0.000000	  1.000000	
  0.103390	  0.340678	  0.481356	  0.074576	
  0.411864	  0.154237	  0.105085	  0.328814	
  0.298305	  0.189831	  0.249153	  0.262712	
  0.208475	  0.305085	  0.235593	  0.250847	
  0.264407	  0.240678	  0.171186	  0.323729	
  0.279661	  0.138983	  0.191525	  0.389831	
  0.057627	  0.530508	  0.222034	  0.189831	
  0.998305	  0.001695	  0.000000	  0.000000	
  0.728814	  0.271186	  0.000000	  0.000000	
  0.000000	  0.000000	  0.994915	  0.005085	
  0.152542	  0.345763	  0.086441	  0.415254	
  0.815254	  0.054237	  0.000000	  0.130508	
  0.971186	  0.000000	  0.000000	  0.028814	
  0.103390	  0.579661	  0.037288	  0.279661	
  0.047458	  0.783051	  0.011864	  0.157627	

