MEME version 4.4

ALPHABET= ACGT

strands: + -

Background letter frequencies (from /mnt/thumper-e1/home/shhuang/projects/dap/analysis.v4/gem07_rep_memechip03/AP2EREBP_tnt/CBF2_col_a/background):
A 0.28700 C 0.21300 G 0.21300 T 0.28700 

MOTIF AP2EREBP_tnt.CBF2_col_a_m1 MEME

letter-probability matrix: alength= 4 w= 15 nsites= 595 E= 5.3e-1122
  0.268908	  0.290756	  0.139496	  0.300840	
  0.230252	  0.339496	  0.141176	  0.289076	
  0.240336	  0.193277	  0.226891	  0.339496	
  0.152941	  0.285714	  0.095798	  0.465546	
  0.085714	  0.374790	  0.163025	  0.376471	
  0.494118	  0.000000	  0.505882	  0.000000	
  0.000000	  0.978151	  0.000000	  0.021849	
  0.000000	  1.000000	  0.000000	  0.000000	
  0.000000	  0.000000	  1.000000	  0.000000	
  1.000000	  0.000000	  0.000000	  0.000000	
  0.000000	  1.000000	  0.000000	  0.000000	
  0.821849	  0.040336	  0.082353	  0.055462	
  0.089076	  0.077311	  0.008403	  0.825210	
  0.305882	  0.319328	  0.220168	  0.154622	
  0.347899	  0.152941	  0.297479	  0.201681	

