MEME version 4.4

ALPHABET= ACGT

strands: + -

Background letter frequencies (from /mnt/thumper-e1/home/shhuang/projects/dap/analysis.v4/gem07_rep_memechip03/MYB_tnt/BOS1_col_a/background):
A 0.33400 C 0.16600 G 0.16600 T 0.33400 

MOTIF MYB_tnt.BOS1_col_a_m1 MEME

letter-probability matrix: alength= 4 w= 15 nsites= 592 E= 3.5e-709
  0.214527	  0.116554	  0.158784	  0.510135	
  0.261824	  0.170608	  0.192568	  0.375000	
  0.285473	  0.103041	  0.435811	  0.175676	
  0.244932	  0.136824	  0.369932	  0.248311	
  0.271959	  0.126689	  0.202703	  0.398649	
  0.375000	  0.128378	  0.128378	  0.368243	
  0.496622	  0.130068	  0.138514	  0.234797	
  0.667230	  0.003378	  0.192568	  0.136824	
  0.314189	  0.000000	  0.645270	  0.040541	
  0.000000	  0.000000	  0.018581	  0.981419	
  0.000000	  0.000000	  0.000000	  1.000000	
  0.636824	  0.101351	  0.006757	  0.255068	
  0.000000	  0.000000	  1.000000	  0.000000	
  0.000000	  0.000000	  1.000000	  0.000000	
  0.003378	  0.383446	  0.000000	  0.613176	

