MEME version 4.4

ALPHABET= ACGT

strands: + -

Background letter frequencies (from /mnt/thumper-e1/home/shhuang/projects/dap/analysis.v4/gem07_rep_memechip03/MYB_tnt/MYB10_col_a/background):
A 0.30900 C 0.19100 G 0.19100 T 0.30900 

MOTIF MYB_tnt.MYB10_col_a_m1 MEME

letter-probability matrix: alength= 4 w= 16 nsites= 585 E= 2.3e-1034
  0.252991	  0.099145	  0.287179	  0.360684	
  0.319658	  0.135043	  0.263248	  0.282051	
  0.273504	  0.121368	  0.251282	  0.353846	
  0.290598	  0.100855	  0.246154	  0.362393	
  0.252991	  0.035897	  0.367521	  0.343590	
  0.258120	  0.032479	  0.288889	  0.420513	
  0.196581	  0.001709	  0.777778	  0.023932	
  0.011966	  0.000000	  0.699145	  0.288889	
  0.001709	  0.000000	  0.000000	  0.998291	
  0.700855	  0.001709	  0.000000	  0.297436	
  0.000000	  0.000000	  1.000000	  0.000000	
  0.000000	  0.003419	  0.984615	  0.011966	
  0.000000	  0.003419	  0.000000	  0.996581	
  0.283761	  0.020513	  0.690598	  0.005128	
  0.444444	  0.063248	  0.418803	  0.073504	
  0.446154	  0.083761	  0.364103	  0.105983	

