MEME version 4.4

ALPHABET= ACGT

strands: + -

Background letter frequencies (from /mnt/thumper-e1/home/shhuang/projects/dap/analysis.v4/gem07_rep_memechip03/MYB_tnt/MYB39_colamp_a/background):
A 0.32900 C 0.17100 G 0.17100 T 0.32900 

MOTIF MYB_tnt.MYB39_colamp_a_m1 MEME

letter-probability matrix: alength= 4 w= 21 nsites= 567 E= 1.5e-672
  0.271605	  0.070547	  0.262787	  0.395062	
  0.220459	  0.142857	  0.194004	  0.442681	
  0.335097	  0.082892	  0.241623	  0.340388	
  0.328042	  0.105820	  0.273369	  0.292769	
  0.204586	  0.116402	  0.329806	  0.349206	
  0.312169	  0.112875	  0.208113	  0.366843	
  0.350970	  0.116402	  0.239859	  0.292769	
  0.400353	  0.081129	  0.275132	  0.243386	
  0.465608	  0.061728	  0.188713	  0.283951	
  0.613757	  0.012346	  0.112875	  0.261023	
  0.403880	  0.000000	  0.518519	  0.077601	
  0.001764	  0.003527	  0.458554	  0.536155	
  0.000000	  0.000000	  0.000000	  1.000000	
  0.696649	  0.005291	  0.008818	  0.289242	
  0.000000	  0.000000	  1.000000	  0.000000	
  0.012346	  0.001764	  0.851852	  0.134039	
  0.000000	  0.000000	  0.000000	  1.000000	
  0.303351	  0.035273	  0.562610	  0.098765	
  0.506173	  0.070547	  0.306878	  0.116402	
  0.467372	  0.095238	  0.310406	  0.126984	
  0.336861	  0.252205	  0.176367	  0.234568	

