MEME version 4.4

ALPHABET= ACGT

strands: + -

Background letter frequencies (from /mnt/thumper-e1/home/shhuang/projects/dap/analysis.v4/gem07_rep_memechip03/MYBrelated_tnt/AT4G12670_col_a/background):
A 0.32400 C 0.17600 G 0.17600 T 0.32400 

MOTIF MYBrelated_tnt.AT4G12670_col_a_m1 MEME

letter-probability matrix: alength= 4 w= 29 nsites= 42 E= 3.7e-368
  0.000000	  0.833333	  0.000000	  0.166667	
  0.071429	  0.071429	  0.000000	  0.857143	
  0.976190	  0.000000	  0.000000	  0.023810	
  0.976190	  0.000000	  0.000000	  0.023810	
  0.928571	  0.023810	  0.023810	  0.023810	
  0.000000	  1.000000	  0.000000	  0.000000	
  0.095238	  0.833333	  0.023810	  0.047619	
  0.000000	  0.976190	  0.000000	  0.023810	
  0.023810	  0.000000	  0.023810	  0.952381	
  0.904762	  0.000000	  0.023810	  0.071429	
  0.952381	  0.000000	  0.047619	  0.000000	
  0.928571	  0.000000	  0.071429	  0.000000	
  0.023810	  0.857143	  0.000000	  0.119048	
  0.000000	  0.928571	  0.047619	  0.023810	
  0.142857	  0.761905	  0.023810	  0.071429	
  0.023810	  0.023810	  0.000000	  0.952381	
  1.000000	  0.000000	  0.000000	  0.000000	
  0.809524	  0.047619	  0.023810	  0.119048	
  0.857143	  0.023810	  0.047619	  0.071429	
  0.047619	  0.833333	  0.047619	  0.071429	
  0.166667	  0.666667	  0.000000	  0.166667	
  0.000000	  0.928571	  0.000000	  0.071429	
  0.190476	  0.000000	  0.000000	  0.809524	
  0.904762	  0.071429	  0.000000	  0.023810	
  0.952381	  0.000000	  0.000000	  0.047619	
  0.952381	  0.000000	  0.023810	  0.023810	
  0.119048	  0.833333	  0.000000	  0.047619	
  0.000000	  0.928571	  0.023810	  0.047619	
  0.000000	  0.761905	  0.095238	  0.142857	

