MEME version 4.4

ALPHABET= ACGT

strands: + -

Background letter frequencies (from /mnt/thumper-e1/home/shhuang/projects/dap/analysis.v4/gem07_rep_memechip03/LOBAS2_tnt/LBD23_col_a/background):
A 0.27200 C 0.22800 G 0.22800 T 0.27200 

MOTIF LOBAS2_tnt.LBD23_col_a_m1 MEME

letter-probability matrix: alength= 4 w= 15 nsites= 588 E= 2.1e-756
  0.353741	  0.134354	  0.343537	  0.168367	
  0.054422	  0.061224	  0.875850	  0.008503	
  0.018707	  0.981293	  0.000000	  0.000000	
  0.028912	  0.000000	  0.886054	  0.085034	
  0.188776	  0.239796	  0.268707	  0.302721	
  0.477891	  0.132653	  0.227891	  0.161565	
  0.324830	  0.086735	  0.086735	  0.501701	
  0.000000	  0.215986	  0.034014	  0.750000	
  0.134354	  0.192177	  0.066327	  0.607143	
  0.137755	  0.258503	  0.112245	  0.491497	
  0.324830	  0.282313	  0.170068	  0.222789	
  0.096939	  0.857143	  0.000000	  0.045918	
  0.000000	  0.000000	  0.991497	  0.008503	
  0.001701	  0.901361	  0.032313	  0.064626	
  0.151361	  0.295918	  0.139456	  0.413265	

