MEME version 4.4

ALPHABET= ACGT

strands: + -

Background letter frequencies (from /mnt/thumper-e1/home/shhuang/projects/dap/analysis.v4/gem07_rep_memechip03/NAC_tnt/SND2_col_a/background):
A 0.30200 C 0.19800 G 0.19800 T 0.30200 

MOTIF NAC_tnt.SND2_col_a_m1 MEME

letter-probability matrix: alength= 4 w= 15 nsites= 597 E= 4.2e-806
  0.003350	  0.984925	  0.000000	  0.011725	
  0.005025	  0.000000	  0.199330	  0.795645	
  0.000000	  0.006700	  0.001675	  0.991625	
  0.134003	  0.452261	  0.388610	  0.025126	
  0.319933	  0.102178	  0.040201	  0.537688	
  0.179229	  0.239531	  0.189280	  0.391960	
  0.185930	  0.396985	  0.217755	  0.199330	
  0.244556	  0.259631	  0.125628	  0.370184	
  0.422111	  0.026801	  0.046901	  0.504188	
  0.020101	  0.586265	  0.118928	  0.274707	
  0.984925	  0.008375	  0.000000	  0.006700	
  0.442211	  0.557789	  0.000000	  0.000000	
  0.067002	  0.000000	  0.837521	  0.095477	
  0.080402	  0.574539	  0.053601	  0.291457	
  0.251256	  0.221106	  0.003350	  0.524288	

