MEME version 4.4

ALPHABET= ACGT

strands: + -

Background letter frequencies (from /mnt/thumper-e1/home/shhuang/projects/dap/analysis.v4/gem07_rep_memechip03/AP2EREBP_tnt/PUCHI_colamp_a/background):
A 0.24900 C 0.25100 G 0.25100 T 0.24900 

MOTIF AP2EREBP_tnt.PUCHI_colamp_a_m1 MEME

letter-probability matrix: alength= 4 w= 25 nsites= 585 E= 5.5e-1237
  0.210256	  0.135043	  0.494017	  0.160684	
  0.211966	  0.406838	  0.194872	  0.186325	
  0.152137	  0.150427	  0.509402	  0.188034	
  0.254701	  0.107692	  0.500855	  0.136752	
  0.266667	  0.398291	  0.121368	  0.213675	
  0.282051	  0.082051	  0.376068	  0.259829	
  0.275214	  0.042735	  0.396581	  0.285470	
  0.259829	  0.218803	  0.035897	  0.485470	
  0.251282	  0.029060	  0.487179	  0.232479	
  0.418803	  0.051282	  0.471795	  0.058120	
  0.000000	  0.998291	  0.000000	  0.001709	
  0.000000	  0.003419	  0.989744	  0.006838	
  0.013675	  0.013675	  0.970940	  0.001709	
  0.006838	  0.979487	  0.000000	  0.013675	
  0.001709	  0.000000	  0.996581	  0.001709	
  0.027350	  0.218803	  0.728205	  0.025641	
  0.294017	  0.574359	  0.020513	  0.111111	
  0.116239	  0.027350	  0.777778	  0.078632	
  0.235897	  0.123077	  0.482051	  0.158974	
  0.280342	  0.309402	  0.112821	  0.297436	
  0.227350	  0.092308	  0.458120	  0.222222	
  0.254701	  0.170940	  0.410256	  0.164103	
  0.285470	  0.266667	  0.225641	  0.222222	
  0.237607	  0.150427	  0.432479	  0.179487	
  0.237607	  0.147009	  0.423932	  0.191453	

