MEME version 4.4

ALPHABET= ACGT

strands: + -

Background letter frequencies (from /mnt/thumper-e1/home/shhuang/projects/dap/analysis.v4/gem07_rep_memechip03/C2H2_tnt/MGP_colamp_a/background):
A 0.32900 C 0.17100 G 0.17100 T 0.32900 

MOTIF C2H2_tnt.MGP_colamp_a_m1 MEME

letter-probability matrix: alength= 4 w= 18 nsites= 592 E= 3.2e-1564
  0.260135	  0.201014	  0.138514	  0.400338	
  0.290541	  0.128378	  0.131757	  0.449324	
  0.239865	  0.114865	  0.167230	  0.478041	
  0.128378	  0.060811	  0.047297	  0.763514	
  0.008446	  0.040541	  0.008446	  0.942568	
  0.000000	  0.003378	  0.005068	  0.991554	
  0.000000	  0.000000	  0.000000	  1.000000	
  0.000000	  0.000000	  1.000000	  0.000000	
  0.000000	  0.000000	  0.000000	  1.000000	
  0.000000	  0.996622	  0.000000	  0.003378	
  0.020270	  0.077703	  0.692568	  0.209459	
  0.003378	  0.032095	  0.037162	  0.927365	
  0.153716	  0.130068	  0.059122	  0.657095	
  0.135135	  0.000000	  0.000000	  0.864865	
  0.251689	  0.087838	  0.020270	  0.640203	
  0.116554	  0.334459	  0.329392	  0.219595	
  0.055743	  0.229730	  0.106419	  0.608108	
  0.224662	  0.082770	  0.395270	  0.297297	

