MEME version 4.4

ALPHABET= ACGT

strands: + -

Background letter frequencies (from /mnt/thumper-e1/home/shhuang/projects/dap/analysis.v4/gem07_rep_memechip03/C2H2_tnt/At1g14580_col_a/background):
A 0.33100 C 0.16900 G 0.16900 T 0.33100 

MOTIF C2H2_tnt.At1g14580_col_a_m1 MEME

letter-probability matrix: alength= 4 w= 20 nsites= 242 E= 3.0e-619
  0.252066	  0.148760	  0.132231	  0.466942	
  0.252066	  0.132231	  0.140496	  0.475207	
  0.247934	  0.177686	  0.132231	  0.442149	
  0.297521	  0.111570	  0.115702	  0.475207	
  0.239669	  0.095041	  0.115702	  0.549587	
  0.103306	  0.061983	  0.045455	  0.789256	
  0.000000	  0.024793	  0.020661	  0.954545	
  0.000000	  0.008264	  0.000000	  0.991736	
  0.000000	  0.024793	  0.004132	  0.971074	
  0.000000	  0.004132	  0.991736	  0.004132	
  0.000000	  0.008264	  0.061983	  0.929752	
  0.008264	  0.979339	  0.000000	  0.012397	
  0.053719	  0.086777	  0.636364	  0.223140	
  0.008264	  0.037190	  0.057851	  0.896694	
  0.028926	  0.132231	  0.053719	  0.785124	
  0.144628	  0.000000	  0.024793	  0.830579	
  0.268595	  0.020661	  0.004132	  0.706612	
  0.086777	  0.367769	  0.446281	  0.099174	
  0.016529	  0.272727	  0.016529	  0.694215	
  0.157025	  0.061983	  0.483471	  0.297521	

