MEME version 4.4

ALPHABET= ACGT

strands: + -

Background letter frequencies (from /mnt/thumper-e1/home/shhuang/projects/dap/analysis.v4/gem07_rep_memechip03/WRKY_tnt/WRKY42_colamp_a/background):
A 0.30700 C 0.19300 G 0.19300 T 0.30700 

MOTIF WRKY_tnt.WRKY42_colamp_a_m1 MEME

letter-probability matrix: alength= 4 w= 20 nsites= 444 E= 6.5e-747
  0.344595	  0.238739	  0.108108	  0.308559	
  0.394144	  0.166667	  0.186937	  0.252252	
  0.423423	  0.123874	  0.218468	  0.234234	
  0.286036	  0.247748	  0.173423	  0.292793	
  0.340090	  0.268018	  0.166667	  0.225225	
  0.414414	  0.148649	  0.144144	  0.292793	
  0.470721	  0.114865	  0.117117	  0.297297	
  0.603604	  0.018018	  0.337838	  0.040541	
  0.000000	  0.000000	  1.000000	  0.000000	
  0.000000	  0.000000	  0.000000	  1.000000	
  0.004505	  0.995495	  0.000000	  0.000000	
  1.000000	  0.000000	  0.000000	  0.000000	
  1.000000	  0.000000	  0.000000	  0.000000	
  0.015766	  0.970721	  0.000000	  0.013514	
  0.128378	  0.063063	  0.644144	  0.164414	
  0.277027	  0.297297	  0.198198	  0.227477	
  0.277027	  0.265766	  0.121622	  0.335586	
  0.310811	  0.130631	  0.292793	  0.265766	
  0.301802	  0.114865	  0.290541	  0.292793	
  0.180180	  0.121622	  0.250000	  0.448198	

