MEME version 4.4

ALPHABET= ACGT

strands: + -

Background letter frequencies (from /mnt/thumper-e1/home/shhuang/projects/dap/analysis.v4/gem07_rep_memechip03/MYB_tnt/MYB93_colamp_a/background):
A 0.30900 C 0.19100 G 0.19100 T 0.30900 

MOTIF MYB_tnt.MYB93_colamp_a_m1 MEME

letter-probability matrix: alength= 4 w= 15 nsites= 579 E= 3.4e-712
  0.309154	  0.188256	  0.281520	  0.221071	
  0.264249	  0.224525	  0.179620	  0.331606	
  0.386874	  0.162349	  0.046632	  0.404145	
  0.341969	  0.150259	  0.245250	  0.262522	
  0.115717	  0.269430	  0.352332	  0.262522	
  0.086356	  0.319516	  0.089810	  0.504318	
  0.127807	  0.319516	  0.063903	  0.488774	
  0.008636	  0.670121	  0.053541	  0.267703	
  1.000000	  0.000000	  0.000000	  0.000000	
  0.250432	  0.747841	  0.001727	  0.000000	
  0.000000	  1.000000	  0.000000	  0.000000	
  0.322971	  0.098446	  0.000000	  0.578584	
  1.000000	  0.000000	  0.000000	  0.000000	
  0.352332	  0.647668	  0.000000	  0.000000	
  0.001727	  0.694301	  0.000000	  0.303972	

