MEME version 4.4

ALPHABET= ACGT

strands: + -

Background letter frequencies (from /mnt/thumper-e1/home/shhuang/projects/dap/analysis.v4/gem07_rep_memechip03/AP2EREBP_tnt/SHN3_col_a/background):
A 0.23300 C 0.26700 G 0.26700 T 0.23300 

MOTIF AP2EREBP_tnt.SHN3_col_a_m1 MEME

letter-probability matrix: alength= 4 w= 21 nsites= 320 E= 2.0e-994
  0.281250	  0.075000	  0.143750	  0.500000	
  0.025000	  0.718750	  0.121875	  0.134375	
  0.090625	  0.856250	  0.018750	  0.034375	
  0.331250	  0.043750	  0.406250	  0.218750	
  0.050000	  0.912500	  0.028125	  0.009375	
  0.021875	  0.940625	  0.006250	  0.031250	
  0.237500	  0.012500	  0.615625	  0.134375	
  0.015625	  0.878125	  0.028125	  0.078125	
  0.056250	  0.943750	  0.000000	  0.000000	
  0.306250	  0.012500	  0.512500	  0.168750	
  0.050000	  0.759375	  0.031250	  0.159375	
  0.081250	  0.781250	  0.021875	  0.115625	
  0.256250	  0.003125	  0.378125	  0.362500	
  0.006250	  0.928125	  0.009375	  0.056250	
  0.056250	  0.900000	  0.012500	  0.031250	
  0.253125	  0.000000	  0.600000	  0.146875	
  0.025000	  0.918750	  0.012500	  0.043750	
  0.046875	  0.843750	  0.018750	  0.090625	
  0.206250	  0.025000	  0.631250	  0.137500	
  0.059375	  0.787500	  0.003125	  0.150000	
  0.115625	  0.662500	  0.034375	  0.187500	

