MEME version 4.4

ALPHABET= ACGT

strands: + -

Background letter frequencies (from /mnt/thumper-e1/home/shhuang/projects/dap/analysis.v4/gem07_rep_memechip03/C2C2gata_tnt/GATA11_col_a/background):
A 0.30500 C 0.19500 G 0.19500 T 0.30500 

MOTIF C2C2gata_tnt.GATA11_col_a_m1 MEME

letter-probability matrix: alength= 4 w= 15 nsites= 584 E= 3.1e-965
  0.462329	  0.068493	  0.287671	  0.181507	
  0.349315	  0.118151	  0.373288	  0.159247	
  0.602740	  0.075342	  0.135274	  0.186644	
  0.255137	  0.049658	  0.073630	  0.621575	
  0.133562	  0.455479	  0.059932	  0.351027	
  0.000000	  0.434932	  0.034247	  0.530822	
  0.719178	  0.006849	  0.273973	  0.000000	
  0.041096	  0.000000	  0.958904	  0.000000	
  1.000000	  0.000000	  0.000000	  0.000000	
  0.000000	  0.000000	  0.000000	  1.000000	
  0.000000	  1.000000	  0.000000	  0.000000	
  0.001712	  0.066781	  0.018836	  0.912671	
  0.217466	  0.101027	  0.618151	  0.063356	
  0.604452	  0.078767	  0.227740	  0.089041	
  0.315068	  0.075342	  0.313356	  0.296233	

