MEME version 4.4

ALPHABET= ACGT

strands: + -

Background letter frequencies (from /mnt/thumper-e1/home/shhuang/projects/dap/analysis.v4/gem07_rep_memechip03/G2like_tnt/At3g12730_colamp_a/background):
A 0.32300 C 0.17700 G 0.17700 T 0.32300 

MOTIF G2like_tnt.At3g12730_colamp_a_m1 MEME

letter-probability matrix: alength= 4 w= 14 nsites= 596 E= 4.3e-757
  0.486577	  0.127517	  0.177852	  0.208054	
  0.555369	  0.045302	  0.159396	  0.239933	
  0.442953	  0.105705	  0.211409	  0.239933	
  0.374161	  0.179530	  0.446309	  0.000000	
  0.000000	  0.000000	  1.000000	  0.000000	
  0.968121	  0.026846	  0.000000	  0.005034	
  1.000000	  0.000000	  0.000000	  0.000000	
  0.000000	  0.000000	  0.000000	  1.000000	
  0.533557	  0.466443	  0.000000	  0.000000	
  0.016779	  0.000000	  0.000000	  0.983221	
  0.115772	  0.023490	  0.070470	  0.790268	
  0.137584	  0.488255	  0.053691	  0.320470	
  0.127517	  0.174497	  0.187919	  0.510067	
  0.213087	  0.201342	  0.214765	  0.370805	

