MEME version 4.4

ALPHABET= ACGT

strands: + -

Background letter frequencies (from /mnt/thumper-e1/home/shhuang/projects/dap/analysis.v4/gem07_rep_memechip03/bHLH_tnt/bHLH77_col_a/background):
A 0.29500 C 0.20500 G 0.20500 T 0.29500 

MOTIF bHLH_tnt.bHLH77_col_a_m1 MEME

letter-probability matrix: alength= 4 w= 15 nsites= 75 E= 3.2e-089
  0.280000	  0.160000	  0.466667	  0.093333	
  0.373333	  0.173333	  0.160000	  0.293333	
  0.213333	  0.026667	  0.426667	  0.333333	
  0.413333	  0.053333	  0.133333	  0.400000	
  0.280000	  0.173333	  0.293333	  0.253333	
  0.173333	  0.093333	  0.533333	  0.200000	
  0.000000	  0.306667	  0.293333	  0.400000	
  0.000000	  1.000000	  0.000000	  0.000000	
  0.986667	  0.000000	  0.013333	  0.000000	
  0.000000	  0.920000	  0.000000	  0.080000	
  0.000000	  0.000000	  1.000000	  0.000000	
  0.000000	  0.000000	  0.000000	  1.000000	
  0.000000	  0.000000	  1.000000	  0.000000	
  0.373333	  0.480000	  0.000000	  0.146667	
  0.133333	  0.133333	  0.373333	  0.360000	

