MEME version 4.4

ALPHABET= ACGT

strands: + -

Background letter frequencies (from /mnt/thumper-e1/home/shhuang/projects/dap/analysis.v4/gem07_rep_memechip03/AP2EREBP_tnt/DDF1_col_a/background):
A 0.27900 C 0.22100 G 0.22100 T 0.27900 

MOTIF AP2EREBP_tnt.DDF1_col_a_m1 MEME

letter-probability matrix: alength= 4 w= 15 nsites= 600 E= 2.9e-1006
  0.256667	  0.291667	  0.128333	  0.323333	
  0.135000	  0.245000	  0.391667	  0.228333	
  0.780000	  0.015000	  0.120000	  0.085000	
  0.051667	  0.113333	  0.033333	  0.801667	
  0.000000	  0.000000	  1.000000	  0.000000	
  0.001667	  0.000000	  0.000000	  0.998333	
  0.000000	  1.000000	  0.000000	  0.000000	
  0.000000	  0.000000	  1.000000	  0.000000	
  0.291667	  0.001667	  0.706667	  0.000000	
  0.000000	  0.758333	  0.000000	  0.241667	
  0.370000	  0.113333	  0.393333	  0.123333	
  0.441667	  0.118333	  0.291667	  0.148333	
  0.280000	  0.295000	  0.198333	  0.226667	
  0.255000	  0.118333	  0.413333	  0.213333	
  0.318333	  0.150000	  0.306667	  0.225000	

