MEME version 4.4

ALPHABET= ACGT

strands: + -

Background letter frequencies (from /mnt/thumper-e1/home/shhuang/projects/dap/analysis.v4/gem07_rep_memechip03/NAC_tnt/ANAC055_col/background):
A 0.32400 C 0.17600 G 0.17600 T 0.32400 

MOTIF NAC_tnt.ANAC055_col_m1 MEME

letter-probability matrix: alength= 4 w= 21 nsites= 594 E= 1.1e-833
  0.358586	  0.065657	  0.200337	  0.375421	
  0.240741	  0.030303	  0.252525	  0.476431	
  0.186869	  0.203704	  0.213805	  0.395623	
  0.138047	  0.626263	  0.033670	  0.202020	
  0.294613	  0.148148	  0.291246	  0.265993	
  0.486532	  0.037037	  0.114478	  0.361953	
  0.341751	  0.161616	  0.264310	  0.232323	
  0.208754	  0.117845	  0.063973	  0.609428	
  0.265993	  0.228956	  0.151515	  0.353535	
  0.262626	  0.262626	  0.168350	  0.306397	
  0.267677	  0.190236	  0.190236	  0.351852	
  0.513468	  0.048822	  0.151515	  0.286195	
  0.001684	  0.723906	  0.005051	  0.269360	
  1.000000	  0.000000	  0.000000	  0.000000	
  0.001684	  0.998316	  0.000000	  0.000000	
  0.000000	  0.000000	  1.000000	  0.000000	
  0.043771	  0.114478	  0.257576	  0.584175	
  0.597643	  0.341751	  0.003367	  0.057239	
  0.710438	  0.000000	  0.005051	  0.284512	
  0.119529	  0.523569	  0.090909	  0.265993	
  0.074074	  0.328283	  0.053872	  0.543771	

