MEME version 4.4

ALPHABET= ACGT

strands: + -

Background letter frequencies (from /mnt/thumper-e1/home/shhuang/projects/dap/analysis.v4/gem07_rep_memechip03/NAC_tnt/ANAC094_col_a/background):
A 0.28200 C 0.21800 G 0.21800 T 0.28200 

MOTIF NAC_tnt.ANAC094_col_a_m1 MEME

letter-probability matrix: alength= 4 w= 18 nsites= 551 E= 4.7e-980
  0.036298	  0.462795	  0.021779	  0.479129	
  0.203267	  0.007260	  0.546279	  0.243194	
  0.145191	  0.686025	  0.099819	  0.068966	
  0.000000	  1.000000	  0.000000	  0.000000	
  0.000000	  0.000000	  0.992740	  0.007260	
  0.000000	  0.009074	  0.063521	  0.927405	
  0.290381	  0.190563	  0.381125	  0.137931	
  0.306715	  0.177858	  0.226860	  0.288566	
  0.246824	  0.297641	  0.137931	  0.317604	
  0.210526	  0.323049	  0.190563	  0.275862	
  0.219601	  0.188748	  0.226860	  0.364791	
  0.190563	  0.348457	  0.107078	  0.353902	
  0.196007	  0.442831	  0.147005	  0.214156	
  0.764065	  0.235935	  0.000000	  0.000000	
  0.003630	  0.987296	  0.009074	  0.000000	
  0.000000	  0.000000	  0.996370	  0.003630	
  0.054446	  0.294011	  0.279492	  0.372051	
  0.217786	  0.357532	  0.027223	  0.397459	

