MEME version 4.4

ALPHABET= ACGT

strands: + -

Background letter frequencies (from /mnt/thumper-e1/home/shhuang/projects/dap/analysis.v4/gem07_rep_memechip03/MYB_tnt/MYB41_col_a/background):
A 0.32200 C 0.17800 G 0.17800 T 0.32200 

MOTIF MYB_tnt.MYB41_col_a_m1 MEME

letter-probability matrix: alength= 4 w= 15 nsites= 184 E= 1.5e-200
  0.250000	  0.108696	  0.250000	  0.391304	
  0.201087	  0.184783	  0.086957	  0.527174	
  0.309783	  0.092391	  0.211957	  0.385870	
  0.103261	  0.141304	  0.521739	  0.233696	
  0.065217	  0.239130	  0.201087	  0.494565	
  0.076087	  0.179348	  0.070652	  0.673913	
  0.103261	  0.456522	  0.108696	  0.331522	
  1.000000	  0.000000	  0.000000	  0.000000	
  0.054348	  0.945652	  0.000000	  0.000000	
  0.000000	  1.000000	  0.000000	  0.000000	
  0.092391	  0.016304	  0.000000	  0.891304	
  1.000000	  0.000000	  0.000000	  0.000000	
  0.619565	  0.369565	  0.000000	  0.010870	
  0.097826	  0.538043	  0.021739	  0.342391	
  0.217391	  0.135870	  0.010870	  0.635870	

