MEME version 4.4

ALPHABET= ACGT

strands: + -

Background letter frequencies (from /mnt/thumper-e1/home/shhuang/projects/dap/analysis.v4/gem07_rep_memechip03/bZIP_tnt/GBF6_col/background):
A 0.29900 C 0.20100 G 0.20100 T 0.29900 

MOTIF bZIP_tnt.GBF6_col_m1 MEME

letter-probability matrix: alength= 4 w= 15 nsites= 591 E= 3.3e-1892
  0.123519	  0.133672	  0.177665	  0.565144	
  0.027073	  0.023689	  0.707276	  0.241963	
  0.240271	  0.724196	  0.000000	  0.035533	
  0.000000	  0.967851	  0.032149	  0.000000	
  1.000000	  0.000000	  0.000000	  0.000000	
  0.000000	  0.994924	  0.003384	  0.001692	
  0.005076	  0.003384	  0.991540	  0.000000	
  0.000000	  0.000000	  0.000000	  1.000000	
  0.072758	  0.903553	  0.023689	  0.000000	
  0.966159	  0.000000	  0.032149	  0.001692	
  0.003384	  0.077834	  0.631134	  0.287648	
  0.113367	  0.847716	  0.005076	  0.033841	
  0.582064	  0.101523	  0.064298	  0.252115	
  0.323181	  0.162437	  0.121827	  0.392555	
  0.285956	  0.307953	  0.115059	  0.291032	

