MEME version 4.4

ALPHABET= ACGT

strands: + -

Background letter frequencies (from /mnt/thumper-e1/home/shhuang/projects/dap/analysis.v4/gem07_rep_memechip03/NAC_tnt/NST1_col_v31/background):
A 0.31900 C 0.18100 G 0.18100 T 0.31900 

MOTIF NAC_tnt.NST1_col_v31_m1 MEME

letter-probability matrix: alength= 4 w= 17 nsites= 596 E= 2.0e-1040
  0.196309	  0.005034	  0.000000	  0.798658	
  0.449664	  0.005034	  0.156040	  0.389262	
  0.474832	  0.035235	  0.426174	  0.063758	
  0.090604	  0.909396	  0.000000	  0.000000	
  0.000000	  0.000000	  0.634228	  0.365772	
  0.000000	  0.000000	  0.003356	  0.996644	
  0.488255	  0.083893	  0.422819	  0.005034	
  0.454698	  0.203020	  0.147651	  0.194631	
  0.528523	  0.095638	  0.218121	  0.157718	
  0.402685	  0.134228	  0.176174	  0.286913	
  0.275168	  0.199664	  0.072148	  0.453020	
  0.369128	  0.090604	  0.149329	  0.390940	
  0.078859	  0.505034	  0.248322	  0.167785	
  1.000000	  0.000000	  0.000000	  0.000000	
  0.706376	  0.293624	  0.000000	  0.000000	
  0.005034	  0.000000	  0.958054	  0.036913	
  0.104027	  0.634228	  0.093960	  0.167785	

