MEME version 4.4

ALPHABET= ACGT

strands: + -

Background letter frequencies (from /mnt/thumper-e1/home/shhuang/projects/dap/analysis.v4/gem07_rep_memechip03/C2C2gata_tnt/GATA1_colamp_a/background):
A 0.30100 C 0.19900 G 0.19900 T 0.30100 

MOTIF C2C2gata_tnt.GATA1_colamp_a_m1 MEME

letter-probability matrix: alength= 4 w= 14 nsites= 591 E= 1.5e-835
  0.314721	  0.152284	  0.412860	  0.120135	
  0.588832	  0.072758	  0.292724	  0.045685	
  0.429780	  0.025381	  0.060914	  0.483926	
  0.076142	  0.360406	  0.032149	  0.531303	
  0.000000	  0.500846	  0.028765	  0.470389	
  0.605753	  0.096447	  0.297800	  0.000000	
  0.011844	  0.000000	  0.988156	  0.000000	
  1.000000	  0.000000	  0.000000	  0.000000	
  0.000000	  0.000000	  0.000000	  1.000000	
  0.000000	  0.998308	  0.000000	  0.001692	
  0.021997	  0.116751	  0.055838	  0.805415	
  0.357022	  0.077834	  0.431472	  0.133672	
  0.455161	  0.135364	  0.272420	  0.137056	
  0.450085	  0.106599	  0.250423	  0.192893	

