MEME version 4.4

ALPHABET= ACGT

strands: + -

Background letter frequencies (from /mnt/thumper-e1/home/shhuang/projects/dap/analysis.v4/gem07_rep_memechip03/NAC_tnt/ANAC075_col_a/background):
A 0.30000 C 0.20000 G 0.20000 T 0.30000 

MOTIF NAC_tnt.ANAC075_col_a_m1 MEME

letter-probability matrix: alength= 4 w= 15 nsites= 599 E= 4.7e-1089
  0.722871	  0.000000	  0.168614	  0.108514	
  0.275459	  0.000000	  0.616027	  0.108514	
  0.056761	  0.904841	  0.000000	  0.038397	
  0.000000	  0.000000	  0.606010	  0.393990	
  0.000000	  0.000000	  0.000000	  1.000000	
  0.247078	  0.126878	  0.616027	  0.010017	
  0.485810	  0.086811	  0.010017	  0.417362	
  0.327212	  0.161937	  0.227045	  0.283806	
  0.212020	  0.223706	  0.425710	  0.138564	
  0.357262	  0.195326	  0.232053	  0.215359	
  0.545910	  0.015025	  0.105175	  0.333890	
  0.025042	  0.422371	  0.499165	  0.053422	
  0.994992	  0.000000	  0.005008	  0.000000	
  0.761269	  0.238731	  0.000000	  0.000000	
  0.000000	  0.000000	  1.000000	  0.000000	

