MEME version 4.4

ALPHABET= ACGT

strands: + -

Background letter frequencies (from /mnt/thumper-e1/home/shhuang/projects/dap/analysis.v4/gem07_rep_memechip03/bZIP_tnt/bZIP48_colamp_a/background):
A 0.29100 C 0.20900 G 0.20900 T 0.29100 

MOTIF bZIP_tnt.bZIP48_colamp_a_m1 MEME

letter-probability matrix: alength= 4 w= 15 nsites= 553 E= 1.5e-1805
  0.135624	  0.155515	  0.137432	  0.571429	
  0.014467	  0.010850	  0.707052	  0.267631	
  0.226040	  0.773960	  0.000000	  0.000000	
  0.000000	  1.000000	  0.000000	  0.000000	
  0.998192	  0.000000	  0.000000	  0.001808	
  0.001808	  0.990958	  0.005425	  0.001808	
  0.014467	  0.001808	  0.983725	  0.000000	
  0.000000	  0.000000	  0.000000	  1.000000	
  0.066908	  0.933092	  0.000000	  0.000000	
  0.969259	  0.000000	  0.025316	  0.005425	
  0.005425	  0.050633	  0.694394	  0.249548	
  0.115732	  0.840868	  0.007233	  0.036166	
  0.600362	  0.088608	  0.065099	  0.245931	
  0.311031	  0.168174	  0.146474	  0.374322	
  0.262206	  0.300181	  0.117541	  0.320072	

