MEME version 4.4

ALPHABET= ACGT

strands: + -

Background letter frequencies (from /mnt/thumper-e1/home/shhuang/projects/dap/analysis.v4/gem07_rep_memechip03/MYB_tnt/MS188_colamp_a/background):
A 0.32100 C 0.17900 G 0.17900 T 0.32100 

MOTIF MYB_tnt.MS188_colamp_a_m1 MEME

letter-probability matrix: alength= 4 w= 15 nsites= 591 E= 1.6e-975
  0.385787	  0.160745	  0.252115	  0.201354	
  0.453469	  0.130288	  0.201354	  0.214890	
  0.521151	  0.143824	  0.177665	  0.157360	
  0.615905	  0.027073	  0.111675	  0.245347	
  0.786802	  0.003384	  0.043993	  0.165821	
  0.483926	  0.010152	  0.483926	  0.021997	
  0.000000	  0.000000	  0.431472	  0.568528	
  0.000000	  0.000000	  0.000000	  1.000000	
  0.913706	  0.005076	  0.001692	  0.079526	
  0.000000	  0.000000	  1.000000	  0.000000	
  0.001692	  0.000000	  0.849408	  0.148900	
  0.000000	  0.000000	  0.000000	  1.000000	
  0.431472	  0.011844	  0.512690	  0.043993	
  0.428088	  0.091371	  0.379019	  0.101523	
  0.478849	  0.076142	  0.380711	  0.064298	

