MEME version 4.4

ALPHABET= ACGT

strands: + -

Background letter frequencies (from /mnt/thumper-e1/home/shhuang/projects/dap/analysis.v4/gem07_rep_memechip03/MYB_tnt/MYB13_colamp_a/background):
A 0.30200 C 0.19800 G 0.19800 T 0.30200 

MOTIF MYB_tnt.MYB13_colamp_a_m1 MEME

letter-probability matrix: alength= 4 w= 18 nsites= 588 E= 7.9e-1109
  0.122449	  0.341837	  0.130952	  0.404762	
  0.090136	  0.484694	  0.035714	  0.389456	
  0.008503	  0.775510	  0.000000	  0.215986	
  1.000000	  0.000000	  0.000000	  0.000000	
  0.052721	  0.945578	  0.001701	  0.000000	
  0.000000	  1.000000	  0.000000	  0.000000	
  0.576531	  0.005102	  0.000000	  0.418367	
  0.998299	  0.000000	  0.000000	  0.001701	
  0.212585	  0.787415	  0.000000	  0.000000	
  0.000000	  0.860544	  0.000000	  0.139456	
  0.505102	  0.256803	  0.090136	  0.147959	
  0.273810	  0.333333	  0.066327	  0.326531	
  0.357143	  0.246599	  0.120748	  0.275510	
  0.306122	  0.243197	  0.168367	  0.282313	
  0.282313	  0.275510	  0.144558	  0.297619	
  0.306122	  0.312925	  0.105442	  0.275510	
  0.311224	  0.263605	  0.139456	  0.285714	
  0.258503	  0.295918	  0.136054	  0.309524	

