MEME version 4.4

ALPHABET= ACGT

strands: + -

Background letter frequencies (from /mnt/thumper-e1/home/shhuang/projects/dap/analysis.v4/gem07_rep_memechip03/HSF_tnt/HSFA6A_colamp_a/background):
A 0.30600 C 0.19400 G 0.19400 T 0.30600 

MOTIF HSF_tnt.HSFA6A_colamp_a_m1 MEME

letter-probability matrix: alength= 4 w= 13 nsites= 350 E= 6.8e-1061
  0.080000	  0.054286	  0.031429	  0.834286	
  0.000000	  0.000000	  0.000000	  1.000000	
  0.002857	  0.997143	  0.000000	  0.000000	
  0.000000	  0.077143	  0.005714	  0.917143	
  0.931429	  0.017143	  0.051429	  0.000000	
  0.000000	  0.000000	  1.000000	  0.000000	
  0.994286	  0.000000	  0.000000	  0.005714	
  0.848571	  0.000000	  0.034286	  0.117143	
  0.182857	  0.197143	  0.322857	  0.297143	
  0.111429	  0.574286	  0.234286	  0.080000	
  0.045714	  0.000000	  0.002857	  0.951429	
  0.017143	  0.000000	  0.000000	  0.982857	
  0.000000	  0.997143	  0.000000	  0.002857	

