MEME version 4.4

ALPHABET= ACGT

strands: + -

Background letter frequencies (from /mnt/thumper-e1/home/shhuang/projects/dap/analysis.v4/gem07_rep_memechip03/WRKY_tnt/WRKY8_colamp_a/background):
A 0.32600 C 0.17400 G 0.17400 T 0.32600 

MOTIF WRKY_tnt.WRKY8_colamp_a_m1 MEME

letter-probability matrix: alength= 4 w= 15 nsites= 599 E= 2.7e-1783
  0.380634	  0.121870	  0.121870	  0.375626	
  0.424040	  0.095159	  0.146912	  0.333890	
  0.243740	  0.178631	  0.235392	  0.342237	
  0.108514	  0.567613	  0.123539	  0.200334	
  0.006678	  0.000000	  0.928214	  0.065109	
  0.000000	  0.000000	  0.000000	  1.000000	
  0.000000	  0.000000	  0.000000	  1.000000	
  0.000000	  0.000000	  1.000000	  0.000000	
  0.998331	  0.000000	  0.001669	  0.000000	
  0.000000	  1.000000	  0.000000	  0.000000	
  0.000000	  0.006678	  0.000000	  0.993322	
  0.015025	  0.001669	  0.000000	  0.983306	
  0.021703	  0.010017	  0.001669	  0.966611	
  0.078464	  0.091820	  0.076795	  0.752922	
  0.186978	  0.150250	  0.135225	  0.527546	

