MEME version 4.4

ALPHABET= ACGT

strands: + -

Background letter frequencies (from /mnt/thumper-e1/home/shhuang/projects/dap/analysis.v4/gem07_rep_memechip03/NAC_tnt/ANAC103_col_a/background):
A 0.30200 C 0.19800 G 0.19800 T 0.30200 

MOTIF NAC_tnt.ANAC103_col_a_m1 MEME

letter-probability matrix: alength= 4 w= 21 nsites= 600 E= 7.5e-1923
  0.205000	  0.116667	  0.565000	  0.113333	
  0.375000	  0.053333	  0.426667	  0.145000	
  0.428333	  0.006667	  0.015000	  0.550000	
  0.771667	  0.000000	  0.215000	  0.013333	
  0.751667	  0.005000	  0.216667	  0.026667	
  0.000000	  0.996667	  0.001667	  0.001667	
  0.001667	  0.005000	  0.166667	  0.826667	
  0.000000	  0.001667	  0.000000	  0.998333	
  0.008333	  0.041667	  0.926667	  0.023333	
  0.205000	  0.266667	  0.263333	  0.265000	
  0.218333	  0.108333	  0.276667	  0.396667	
  0.211667	  0.168333	  0.398333	  0.221667	
  0.416667	  0.191667	  0.108333	  0.283333	
  0.335000	  0.238333	  0.260000	  0.166667	
  0.020000	  0.895000	  0.041667	  0.043333	
  1.000000	  0.000000	  0.000000	  0.000000	
  0.816667	  0.183333	  0.000000	  0.000000	
  0.003333	  0.000000	  0.976667	  0.020000	
  0.110000	  0.225000	  0.156667	  0.508333	
  0.255000	  0.298333	  0.018333	  0.428333	
  0.756667	  0.015000	  0.065000	  0.163333	

