MEME version 4.4

ALPHABET= ACGT

strands: + -

Background letter frequencies (from /mnt/thumper-e1/home/shhuang/projects/dap/analysis.v4/gem07_rep_memechip03/AP2EREBP_tnt/LEP_col_a/background):
A 0.24400 C 0.25600 G 0.25600 T 0.24400 

MOTIF AP2EREBP_tnt.LEP_col_a_m1 MEME

letter-probability matrix: alength= 4 w= 21 nsites= 490 E= 2.8e-940
  0.255102	  0.151020	  0.261224	  0.332653	
  0.081633	  0.510204	  0.159184	  0.248980	
  0.073469	  0.842857	  0.018367	  0.065306	
  0.140816	  0.046939	  0.461224	  0.351020	
  0.008163	  0.812245	  0.106122	  0.073469	
  0.004082	  0.995918	  0.000000	  0.000000	
  0.053061	  0.000000	  0.930612	  0.016327	
  0.000000	  0.979592	  0.000000	  0.020408	
  0.000000	  0.997959	  0.000000	  0.002041	
  0.046939	  0.000000	  0.938776	  0.014286	
  0.024490	  0.614286	  0.040816	  0.320408	
  0.153061	  0.618367	  0.044898	  0.183673	
  0.420408	  0.055102	  0.297959	  0.226531	
  0.242857	  0.473469	  0.089796	  0.193878	
  0.271429	  0.385714	  0.083673	  0.259184	
  0.255102	  0.114286	  0.381633	  0.248980	
  0.124490	  0.514286	  0.114286	  0.246939	
  0.220408	  0.518367	  0.097959	  0.163265	
  0.146939	  0.163265	  0.453061	  0.236735	
  0.179592	  0.489796	  0.104082	  0.226531	
  0.138776	  0.567347	  0.089796	  0.204082	

