MEME version 4.4

ALPHABET= ACGT

strands: + -

Background letter frequencies (from /mnt/thumper-e1/home/shhuang/projects/dap/analysis.v4/gem07_rep_memechip03/MYBrelated_tnt/RVE1_col_a/background):
A 0.34600 C 0.15300 G 0.15300 T 0.34600 

MOTIF MYBrelated_tnt.RVE1_col_a_m1 MEME

letter-probability matrix: alength= 4 w= 14 nsites= 600 E= 1.0e-746
  0.390000	  0.195000	  0.176667	  0.238333	
  0.338333	  0.245000	  0.168333	  0.248333	
  0.395000	  0.206667	  0.236667	  0.161667	
  0.553333	  0.070000	  0.096667	  0.280000	
  0.876667	  0.000000	  0.000000	  0.123333	
  1.000000	  0.000000	  0.000000	  0.000000	
  0.976667	  0.008333	  0.006667	  0.008333	
  0.006667	  0.000000	  0.016667	  0.976667	
  1.000000	  0.000000	  0.000000	  0.000000	
  0.000000	  0.000000	  0.000000	  1.000000	
  0.000000	  1.000000	  0.000000	  0.000000	
  0.141667	  0.070000	  0.020000	  0.768333	
  0.341667	  0.171667	  0.128333	  0.358333	
  0.423333	  0.216667	  0.145000	  0.215000	

