MEME version 4.4

ALPHABET= ACGT

strands: + -

Background letter frequencies (from /mnt/thumper-e1/home/shhuang/projects/dap/analysis.v4/gem07_rep_memechip03/MYB_tnt/MYB105_col_a/background):
A 0.31600 C 0.18400 G 0.18400 T 0.31600 

MOTIF MYB_tnt.MYB105_col_a_m1 MEME

letter-probability matrix: alength= 4 w= 13 nsites= 95 E= 1.3e-092
  0.378947	  0.000000	  0.136842	  0.484211	
  0.189474	  0.221053	  0.063158	  0.526316	
  0.368421	  0.305263	  0.031579	  0.294737	
  0.368421	  0.073684	  0.231579	  0.326316	
  0.463158	  0.052632	  0.000000	  0.484211	
  0.442105	  0.031579	  0.084211	  0.442105	
  0.831579	  0.000000	  0.010526	  0.157895	
  0.000000	  1.000000	  0.000000	  0.000000	
  0.031579	  0.894737	  0.073684	  0.000000	
  0.000000	  0.000000	  1.000000	  0.000000	
  0.000000	  0.000000	  0.000000	  1.000000	
  0.000000	  0.000000	  0.010526	  0.989474	
  0.842105	  0.021053	  0.063158	  0.073684	

