MEME version 4.4

ALPHABET= ACGT

strands: + -

Background letter frequencies (from /mnt/thumper-e1/home/shhuang/projects/dap/analysis.v4/gem07_rep_memechip03/bZIP_tnt/TGA5_col_v3a/background):
A 0.29200 C 0.20800 G 0.20800 T 0.29200 

MOTIF bZIP_tnt.TGA5_col_v3a_m1 MEME

letter-probability matrix: alength= 4 w= 14 nsites= 588 E= 1.4e-1701
  0.316327	  0.110544	  0.312925	  0.260204	
  0.457483	  0.117347	  0.408163	  0.017007	
  0.000000	  0.000000	  0.000000	  1.000000	
  0.000000	  0.000000	  0.991497	  0.008503	
  1.000000	  0.000000	  0.000000	  0.000000	
  0.000000	  0.976190	  0.000000	  0.023810	
  0.030612	  0.000000	  0.969388	  0.000000	
  0.000000	  0.000000	  0.000000	  1.000000	
  0.102041	  0.892857	  0.003401	  0.001701	
  0.993197	  0.000000	  0.000000	  0.006803	
  0.000000	  0.134354	  0.324830	  0.540816	
  0.039116	  0.763605	  0.107143	  0.090136	
  0.496599	  0.090136	  0.202381	  0.210884	
  0.253401	  0.130952	  0.156463	  0.459184	

