MEME version 4.4

ALPHABET= ACGT

strands: + -

Background letter frequencies (from /mnt/thumper-e1/home/shhuang/projects/dap/analysis.v4/gem07_rep_memechip03/bHLH_tnt/BIM3_col_a/background):
A 0.28300 C 0.21700 G 0.21700 T 0.28300 

MOTIF bHLH_tnt.BIM3_col_a_m1 MEME

letter-probability matrix: alength= 4 w= 18 nsites= 137 E= 4.3e-332
  0.562044	  0.116788	  0.189781	  0.131387	
  0.087591	  0.649635	  0.080292	  0.182482	
  0.109489	  0.116788	  0.671533	  0.102190	
  0.131387	  0.116788	  0.051095	  0.700730	
  0.051095	  0.204380	  0.620438	  0.124088	
  0.372263	  0.343066	  0.124088	  0.160584	
  0.321168	  0.160584	  0.233577	  0.284672	
  0.270073	  0.204380	  0.175182	  0.350365	
  0.204380	  0.350365	  0.430657	  0.014599	
  0.065693	  0.116788	  0.233577	  0.583942	
  0.000000	  1.000000	  0.000000	  0.000000	
  1.000000	  0.000000	  0.000000	  0.000000	
  0.000000	  1.000000	  0.000000	  0.000000	
  0.000000	  0.000000	  1.000000	  0.000000	
  0.000000	  0.000000	  0.000000	  1.000000	
  0.000000	  0.000000	  1.000000	  0.000000	
  0.562044	  0.262774	  0.080292	  0.094891	
  0.029197	  0.583942	  0.145985	  0.240876	

