MEME version 4.4

ALPHABET= ACGT

strands: + -

Background letter frequencies (from /mnt/thumper-e1/home/shhuang/projects/dap/analysis.v4/gem07_rep_memechip03/HSF_tnt/HSFC1_colamp_a/background):
A 0.31200 C 0.18800 G 0.18800 T 0.31200 

MOTIF HSF_tnt.HSFC1_colamp_a_m1 MEME

letter-probability matrix: alength= 4 w= 17 nsites= 224 E= 9.1e-681
  0.437500	  0.111607	  0.102679	  0.348214	
  0.107143	  0.151786	  0.392857	  0.348214	
  0.142857	  0.495536	  0.156250	  0.205357	
  0.058036	  0.026786	  0.008929	  0.906250	
  0.000000	  0.000000	  0.000000	  1.000000	
  0.000000	  1.000000	  0.000000	  0.000000	
  0.000000	  0.093750	  0.008929	  0.897321	
  0.937500	  0.022321	  0.040179	  0.000000	
  0.000000	  0.000000	  1.000000	  0.000000	
  0.995536	  0.000000	  0.000000	  0.004464	
  0.906250	  0.000000	  0.017857	  0.075893	
  0.196429	  0.209821	  0.433036	  0.160714	
  0.111607	  0.638393	  0.187500	  0.062500	
  0.031250	  0.000000	  0.000000	  0.968750	
  0.000000	  0.000000	  0.000000	  1.000000	
  0.000000	  1.000000	  0.000000	  0.000000	
  0.040179	  0.272321	  0.071429	  0.616071	

