MEME version 4.4

ALPHABET= ACGT

strands: + -

Background letter frequencies (from /mnt/thumper-e1/home/shhuang/projects/dap/analysis.v4/gem07_rep_memechip03/WRKY_tnt/WRKY27_colamp_a/background):
A 0.32000 C 0.18000 G 0.18000 T 0.32000 

MOTIF WRKY_tnt.WRKY27_colamp_a_m1 MEME

letter-probability matrix: alength= 4 w= 13 nsites= 600 E= 2.9e-1189
  0.518333	  0.186667	  0.123333	  0.171667	
  0.726667	  0.043333	  0.081667	  0.148333	
  0.800000	  0.013333	  0.045000	  0.141667	
  0.856667	  0.000000	  0.120000	  0.023333	
  0.001667	  0.000000	  0.998333	  0.000000	
  0.000000	  0.000000	  0.000000	  1.000000	
  0.000000	  1.000000	  0.000000	  0.000000	
  1.000000	  0.000000	  0.000000	  0.000000	
  0.991667	  0.000000	  0.008333	  0.000000	
  0.116667	  0.838333	  0.003333	  0.041667	
  0.110000	  0.101667	  0.516667	  0.271667	
  0.305000	  0.246667	  0.188333	  0.260000	
  0.195000	  0.235000	  0.111667	  0.458333	

