MEME version 4.4

ALPHABET= ACGT

strands: + -

Background letter frequencies (from /mnt/thumper-e1/home/shhuang/projects/dap/analysis.v4/gem07_rep_memechip03/Trihelix_tnt/AT3G10030_col_a/background):
A 0.27400 C 0.22600 G 0.22600 T 0.27400 

MOTIF Trihelix_tnt.AT3G10030_col_a_m1 MEME

letter-probability matrix: alength= 4 w= 14 nsites= 598 E= 2.2e-1094
  0.443144	  0.232441	  0.093645	  0.230769	
  0.287625	  0.153846	  0.306020	  0.252508	
  0.128763	  0.148829	  0.168896	  0.553512	
  0.038462	  0.000000	  0.000000	  0.961538	
  0.856187	  0.015050	  0.127090	  0.001672	
  1.000000	  0.000000	  0.000000	  0.000000	
  0.001672	  0.998328	  0.000000	  0.000000	
  0.005017	  0.000000	  0.993311	  0.001672	
  0.008361	  0.053512	  0.916388	  0.021739	
  0.204013	  0.690635	  0.000000	  0.105351	
  0.157191	  0.020067	  0.804348	  0.018395	
  0.175585	  0.103679	  0.157191	  0.563545	
  0.098662	  0.324415	  0.078595	  0.498328	
  0.496656	  0.048495	  0.232441	  0.222408	

