MEME version 4.4

ALPHABET= ACGT

strands: + -

Background letter frequencies (from /mnt/thumper-e1/home/shhuang/projects/dap/analysis.v4/gem07_rep_memechip03/MYBrelated_tnt/AT5G61620_col_a/background):
A 0.34300 C 0.15700 G 0.15700 T 0.34300 

MOTIF MYBrelated_tnt.AT5G61620_col_a_m1 MEME

letter-probability matrix: alength= 4 w= 15 nsites= 599 E= 4.5e-701
  0.342237	  0.136895	  0.248748	  0.272120	
  0.429048	  0.030050	  0.113523	  0.427379	
  0.347245	  0.016694	  0.016694	  0.619366	
  0.292154	  0.050083	  0.186978	  0.470785	
  0.190317	  0.096828	  0.010017	  0.702838	
  0.160267	  0.000000	  0.839733	  0.000000	
  0.000000	  0.000000	  1.000000	  0.000000	
  1.000000	  0.000000	  0.000000	  0.000000	
  0.000000	  0.000000	  0.000000	  1.000000	
  0.933222	  0.026711	  0.015025	  0.025042	
  0.854758	  0.000000	  0.088481	  0.056761	
  0.252087	  0.078464	  0.517529	  0.151920	
  0.440735	  0.091820	  0.318865	  0.148581	
  0.308848	  0.118531	  0.058431	  0.514190	
  0.298831	  0.086811	  0.103506	  0.510851	

