MEME version 4.4

ALPHABET= ACGT

strands: + -

Background letter frequencies (from /mnt/thumper-e1/home/shhuang/projects/dap/analysis.v4/gem07_rep_memechip03/NAC_tnt/ANAC083_colamp_a/background):
A 0.31500 C 0.18500 G 0.18500 T 0.31500 

MOTIF NAC_tnt.ANAC083_colamp_a_m1 MEME

letter-probability matrix: alength= 4 w= 15 nsites= 600 E= 3.7e-1039
  0.041667	  0.951667	  0.003333	  0.003333	
  0.000000	  0.000000	  0.731667	  0.268333	
  0.000000	  0.000000	  0.000000	  1.000000	
  0.365000	  0.021667	  0.611667	  0.001667	
  0.303333	  0.175000	  0.076667	  0.445000	
  0.438333	  0.128333	  0.271667	  0.161667	
  0.336667	  0.223333	  0.266667	  0.173333	
  0.373333	  0.220000	  0.146667	  0.260000	
  0.630000	  0.056667	  0.115000	  0.198333	
  0.041667	  0.600000	  0.141667	  0.216667	
  0.998333	  0.000000	  0.001667	  0.000000	
  0.421667	  0.578333	  0.000000	  0.000000	
  0.001667	  0.000000	  0.913333	  0.085000	
  0.113333	  0.416667	  0.081667	  0.388333	
  0.858333	  0.016667	  0.000000	  0.125000	

