MEME version 4.4

ALPHABET= ACGT

strands: + -

Background letter frequencies (from /mnt/thumper-e1/home/shhuang/projects/dap/analysis.v4/gem07_rep_memechip03/HSF_tnt/HSFB3_colamp_a/background):
A 0.31200 C 0.18800 G 0.18800 T 0.31200 

MOTIF HSF_tnt.HSFB3_colamp_a_m1 MEME

letter-probability matrix: alength= 4 w= 13 nsites= 557 E= 3.4e-875
  0.782765	  0.037702	  0.095153	  0.084381	
  0.894075	  0.007181	  0.000000	  0.098743	
  0.116697	  0.175943	  0.561939	  0.145422	
  0.091562	  0.596050	  0.204668	  0.107720	
  0.052065	  0.000000	  0.008977	  0.938959	
  0.001795	  0.000000	  0.007181	  0.991023	
  0.000000	  0.989228	  0.001795	  0.008977	
  0.000000	  0.199282	  0.048474	  0.752244	
  0.899461	  0.010772	  0.078995	  0.010772	
  0.163375	  0.017953	  0.712747	  0.105925	
  0.897666	  0.000000	  0.061041	  0.041293	
  0.802513	  0.030521	  0.062837	  0.104129	
  0.231598	  0.188510	  0.416517	  0.163375	

