MEME version 4.4

ALPHABET= ACGT

strands: + -

Background letter frequencies (from /mnt/thumper-e1/home/shhuang/projects/dap/analysis.v4/gem07_rep_memechip03/AP2EREBP_tnt/ABR1_col_a/background):
A 0.24500 C 0.25500 G 0.25500 T 0.24500 

MOTIF AP2EREBP_tnt.ABR1_col_a_m1 MEME

letter-probability matrix: alength= 4 w= 19 nsites= 600 E= 8.7e-1154
  0.203333	  0.095000	  0.528333	  0.173333	
  0.241667	  0.125000	  0.468333	  0.165000	
  0.233333	  0.383333	  0.160000	  0.223333	
  0.166667	  0.106667	  0.513333	  0.213333	
  0.301667	  0.131667	  0.475000	  0.091667	
  0.395000	  0.248333	  0.131667	  0.225000	
  0.375000	  0.043333	  0.310000	  0.271667	
  0.421667	  0.030000	  0.321667	  0.226667	
  0.171667	  0.161667	  0.023333	  0.643333	
  0.098333	  0.025000	  0.513333	  0.363333	
  0.250000	  0.045000	  0.668333	  0.036667	
  0.003333	  0.983333	  0.000000	  0.013333	
  0.000000	  0.000000	  0.996667	  0.003333	
  0.000000	  0.020000	  0.980000	  0.000000	
  0.006667	  0.973333	  0.000000	  0.020000	
  0.008333	  0.016667	  0.916667	  0.058333	
  0.055000	  0.175000	  0.741667	  0.028333	
  0.326667	  0.496667	  0.050000	  0.126667	
  0.110000	  0.060000	  0.701667	  0.128333	

