MEME version 4.4

ALPHABET= ACGT

strands: + -

Background letter frequencies (from /mnt/thumper-e1/home/shhuang/projects/dap/analysis.v4/gem07_rep_memechip03/C2H2_tnt/At1g14580_colamp_a/background):
A 0.32500 C 0.17500 G 0.17500 T 0.32500 

MOTIF C2H2_tnt.At1g14580_colamp_a_m1 MEME

letter-probability matrix: alength= 4 w= 17 nsites= 584 E= 1.3e-1446
  0.304795	  0.436644	  0.070205	  0.188356	
  0.655822	  0.017123	  0.308219	  0.018836	
  0.101027	  0.424658	  0.407534	  0.066781	
  0.720890	  0.000000	  0.018836	  0.260274	
  0.797945	  0.000000	  0.000000	  0.202055	
  0.708904	  0.070205	  0.203767	  0.017123	
  0.864726	  0.094178	  0.034247	  0.006849	
  0.296233	  0.539384	  0.104452	  0.059932	
  0.013699	  0.000000	  0.964041	  0.022260	
  0.931507	  0.068493	  0.000000	  0.000000	
  0.000000	  1.000000	  0.000000	  0.000000	
  0.994863	  0.000000	  0.005137	  0.000000	
  0.969178	  0.022260	  0.006849	  0.001712	
  0.893836	  0.023973	  0.063356	  0.018836	
  0.705479	  0.054795	  0.083904	  0.155822	
  0.448630	  0.155822	  0.145548	  0.250000	
  0.428082	  0.131849	  0.131849	  0.308219	

