MEME version 4.4

ALPHABET= ACGT

strands: + -

Background letter frequencies (from /mnt/thumper-e1/home/shhuang/projects/dap/analysis.v4/gem07_rep_memechip03/bHLH_tnt/bHLH74_col_a/background):
A 0.27900 C 0.22100 G 0.22100 T 0.27900 

MOTIF bHLH_tnt.bHLH74_col_a_m1 MEME

letter-probability matrix: alength= 4 w= 21 nsites= 198 E= 2.1e-355
  0.126263	  0.520202	  0.237374	  0.116162	
  0.212121	  0.090909	  0.505051	  0.191919	
  0.191919	  0.151515	  0.121212	  0.535354	
  0.111111	  0.202020	  0.626263	  0.060606	
  0.505051	  0.116162	  0.151515	  0.227273	
  0.303030	  0.161616	  0.292929	  0.242424	
  0.323232	  0.116162	  0.242424	  0.318182	
  0.368687	  0.186869	  0.318182	  0.126263	
  0.131313	  0.247475	  0.363636	  0.257576	
  0.000000	  0.974747	  0.025253	  0.000000	
  1.000000	  0.000000	  0.000000	  0.000000	
  0.000000	  1.000000	  0.000000	  0.000000	
  0.005051	  0.000000	  0.964646	  0.030303	
  0.000000	  0.000000	  0.000000	  1.000000	
  0.000000	  0.000000	  1.000000	  0.000000	
  0.373737	  0.343434	  0.161616	  0.121212	
  0.156566	  0.333333	  0.262626	  0.247475	
  0.323232	  0.191919	  0.242424	  0.242424	
  0.191919	  0.303030	  0.212121	  0.292929	
  0.196970	  0.439394	  0.181818	  0.181818	
  0.419192	  0.055556	  0.090909	  0.434343	

