MEME version 4.4

ALPHABET= ACGT

strands: + -

Background letter frequencies (from /mnt/thumper-e1/home/shhuang/projects/dap/analysis.v4/gem07_rep_memechip03/MYB_tnt/MYB61_colamp_a/background):
A 0.29800 C 0.20200 G 0.20200 T 0.29800 

MOTIF MYB_tnt.MYB61_colamp_a_m1 MEME

letter-probability matrix: alength= 4 w= 13 nsites= 592 E= 4.9e-769
  0.236486	  0.314189	  0.162162	  0.287162	
  0.170608	  0.295608	  0.111486	  0.422297	
  0.146959	  0.434122	  0.163851	  0.255068	
  0.000000	  0.528716	  0.006757	  0.464527	
  1.000000	  0.000000	  0.000000	  0.000000	
  0.204392	  0.795608	  0.000000	  0.000000	
  0.000000	  1.000000	  0.000000	  0.000000	
  0.427365	  0.069257	  0.000000	  0.503378	
  1.000000	  0.000000	  0.000000	  0.000000	
  0.307432	  0.690878	  0.000000	  0.001689	
  0.000000	  0.859797	  0.000000	  0.140203	
  0.456081	  0.092905	  0.184122	  0.266892	
  0.219595	  0.326014	  0.121622	  0.332770	

