MEME version 4.4

ALPHABET= ACGT

strands: + -

Background letter frequencies (from /mnt/thumper-e1/home/shhuang/projects/dap/analysis.v4/gem07_rep_memechip03/TCP_tnt/At2g45680_col_b/background):
A 0.29500 C 0.20500 G 0.20500 T 0.29500 

MOTIF TCP_tnt.At2g45680_col_b_m1 MEME

letter-probability matrix: alength= 4 w= 21 nsites= 395 E= 2.8e-1426
  0.194937	  0.486076	  0.151899	  0.167089	
  0.215190	  0.518987	  0.144304	  0.121519	
  0.493671	  0.200000	  0.129114	  0.177215	
  0.164557	  0.225316	  0.124051	  0.486076	
  0.126582	  0.139241	  0.197468	  0.536709	
  0.260759	  0.146835	  0.106329	  0.486076	
  0.164557	  0.232911	  0.382278	  0.220253	
  0.232911	  0.430380	  0.075949	  0.260759	
  0.225316	  0.420253	  0.086076	  0.268354	
  0.116456	  0.032911	  0.840506	  0.010127	
  0.002532	  0.048101	  0.002532	  0.946835	
  0.040506	  0.000000	  0.959494	  0.000000	
  0.002532	  0.000000	  0.997468	  0.000000	
  0.060759	  0.000000	  0.936709	  0.002532	
  0.134177	  0.245570	  0.058228	  0.562025	
  0.000000	  0.982278	  0.000000	  0.017722	
  0.005063	  0.994937	  0.000000	  0.000000	
  0.002532	  0.939241	  0.002532	  0.055696	
  0.901266	  0.002532	  0.096203	  0.000000	
  0.005063	  0.875949	  0.027848	  0.091139	
  0.263291	  0.450633	  0.091139	  0.194937	

