MEME version 4.4

ALPHABET= ACGT

strands: + -

Background letter frequencies (from /mnt/thumper-e1/home/shhuang/projects/dap/analysis.v4/gem07_rep_memechip03/MYB_tnt/MYB99_col_a/background):
A 0.30000 C 0.20000 G 0.20000 T 0.30000 

MOTIF MYB_tnt.MYB99_col_a_m1 MEME

letter-probability matrix: alength= 4 w= 13 nsites= 585 E= 1.8e-730
  0.251282	  0.294017	  0.157265	  0.297436	
  0.104274	  0.427350	  0.068376	  0.400000	
  0.135043	  0.357265	  0.075214	  0.432479	
  0.097436	  0.615385	  0.011966	  0.275214	
  1.000000	  0.000000	  0.000000	  0.000000	
  0.085470	  0.914530	  0.000000	  0.000000	
  0.000000	  1.000000	  0.000000	  0.000000	
  0.316239	  0.015385	  0.000000	  0.668376	
  1.000000	  0.000000	  0.000000	  0.000000	
  0.420513	  0.576068	  0.000000	  0.003419	
  0.025641	  0.606838	  0.000000	  0.367521	
  0.218803	  0.312821	  0.076923	  0.391453	
  0.254701	  0.364103	  0.082051	  0.299145	

