MEME version 4.4

ALPHABET= ACGT

strands: + -

Background letter frequencies (from /mnt/thumper-e1/home/shhuang/projects/dap/analysis.v4/gem07_rep_memechip03/bZIP_tnt/bZIP68_col_a/background):
A 0.27800 C 0.22200 G 0.22200 T 0.27800 

MOTIF bZIP_tnt.bZIP68_col_a_m1 MEME

letter-probability matrix: alength= 4 w= 15 nsites= 600 E= 1.7e-1362
  0.085000	  0.210000	  0.070000	  0.635000	
  0.003333	  0.000000	  0.836667	  0.160000	
  0.176667	  0.821667	  0.001667	  0.000000	
  0.000000	  0.996667	  0.000000	  0.003333	
  1.000000	  0.000000	  0.000000	  0.000000	
  0.001667	  0.981667	  0.006667	  0.010000	
  0.003333	  0.006667	  0.990000	  0.000000	
  0.000000	  0.000000	  0.001667	  0.998333	
  0.096667	  0.510000	  0.390000	  0.003333	
  0.545000	  0.001667	  0.238333	  0.215000	
  0.155000	  0.268333	  0.353333	  0.223333	
  0.256667	  0.573333	  0.046667	  0.123333	
  0.475000	  0.126667	  0.113333	  0.285000	
  0.285000	  0.203333	  0.136667	  0.375000	
  0.261667	  0.318333	  0.110000	  0.310000	

