MEME version 4.4

ALPHABET= ACGT

strands: + -

Background letter frequencies (from /mnt/thumper-e1/home/shhuang/projects/dap/analysis.v4/gem07_rep_memechip03/NAC_tnt/ANAC062_colamp_a/background):
A 0.31800 C 0.18200 G 0.18200 T 0.31800 

MOTIF NAC_tnt.ANAC062_colamp_a_m1 MEME

letter-probability matrix: alength= 4 w= 18 nsites= 597 E= 7.6e-1260
  0.000000	  1.000000	  0.000000	  0.000000	
  0.000000	  0.000000	  0.001675	  0.998325	
  0.000000	  0.000000	  0.000000	  1.000000	
  0.458961	  0.443886	  0.080402	  0.016750	
  0.427136	  0.140704	  0.204355	  0.227806	
  0.130653	  0.291457	  0.117253	  0.460637	
  0.155779	  0.450586	  0.160804	  0.232831	
  0.336683	  0.217755	  0.231156	  0.214405	
  0.093802	  0.323283	  0.323283	  0.259631	
  0.028476	  0.288107	  0.073702	  0.609715	
  1.000000	  0.000000	  0.000000	  0.000000	
  1.000000	  0.000000	  0.000000	  0.000000	
  0.000000	  0.000000	  0.998325	  0.001675	
  0.239531	  0.194305	  0.175879	  0.390285	
  0.653266	  0.092127	  0.026801	  0.227806	
  0.693467	  0.006700	  0.006700	  0.293132	
  0.211055	  0.311558	  0.087102	  0.390285	
  0.237856	  0.365159	  0.145729	  0.251256	

