MEME version 4.4

ALPHABET= ACGT

strands: + -

Background letter frequencies (from /mnt/thumper-e1/home/shhuang/projects/dap/analysis.v4/gem07_rep_memechip03/WRKY_tnt/WRKY21_colamp_a/background):
A 0.31900 C 0.18100 G 0.18100 T 0.31900 

MOTIF WRKY_tnt.WRKY21_colamp_a_m1 MEME

letter-probability matrix: alength= 4 w= 13 nsites= 578 E= 2.1e-1235
  0.361592	  0.122837	  0.268166	  0.247405	
  0.224913	  0.173010	  0.326990	  0.275087	
  0.200692	  0.543253	  0.129758	  0.126298	
  0.036332	  0.001730	  0.801038	  0.160900	
  0.000000	  0.001730	  0.001730	  0.996540	
  0.000000	  0.000000	  0.000000	  1.000000	
  0.000000	  0.000000	  0.998270	  0.001730	
  0.982699	  0.000000	  0.017301	  0.000000	
  0.000000	  0.998270	  0.001730	  0.000000	
  0.024221	  0.029412	  0.000000	  0.946367	
  0.060554	  0.029412	  0.000000	  0.910035	
  0.076125	  0.096886	  0.034602	  0.792388	
  0.138408	  0.117647	  0.193772	  0.550173	

