MEME version 4.4

ALPHABET= ACGT

strands: + -

Background letter frequencies (from /mnt/thumper-e1/home/shhuang/projects/dap/analysis.v4/gem07_rep_memechip03/MADS_tnt/AGL16_col_a/background):
A 0.31400 C 0.18600 G 0.18600 T 0.31400 

MOTIF MADS_tnt.AGL16_col_a_m1 MEME

letter-probability matrix: alength= 4 w= 15 nsites= 418 E= 5.4e-751
  0.083732	  0.045455	  0.009569	  0.861244	
  0.026316	  0.000000	  0.007177	  0.966507	
  0.239234	  0.026316	  0.066986	  0.667464	
  0.000000	  1.000000	  0.000000	  0.000000	
  0.000000	  0.854067	  0.000000	  0.145933	
  0.294258	  0.198565	  0.055024	  0.452153	
  0.157895	  0.184211	  0.095694	  0.562201	
  0.313397	  0.000000	  0.000000	  0.686603	
  0.000000	  0.009569	  0.009569	  0.980861	
  0.105263	  0.141148	  0.055024	  0.698565	
  0.260766	  0.083732	  0.322967	  0.332536	
  0.148325	  0.000000	  0.851675	  0.000000	
  0.000000	  0.000000	  0.940191	  0.059809	
  0.502392	  0.105263	  0.028708	  0.363636	
  0.856459	  0.035885	  0.019139	  0.088517	

