MEME version 4.4

ALPHABET= ACGT

strands: + -

Background letter frequencies (from /mnt/thumper-e1/home/shhuang/projects/dap/analysis.v4/gem07_rep_memechip03/NAC_tnt/VND2_col_a/background):
A 0.30300 C 0.19700 G 0.19700 T 0.30300 

MOTIF NAC_tnt.VND2_col_a_m1 MEME

letter-probability matrix: alength= 4 w= 15 nsites= 600 E= 3.3e-939
  0.040000	  0.960000	  0.000000	  0.000000	
  0.000000	  0.000000	  0.431667	  0.568333	
  0.000000	  0.000000	  0.000000	  1.000000	
  0.281667	  0.118333	  0.568333	  0.031667	
  0.410000	  0.193333	  0.161667	  0.235000	
  0.491667	  0.110000	  0.208333	  0.190000	
  0.360000	  0.220000	  0.236667	  0.183333	
  0.305000	  0.300000	  0.136667	  0.258333	
  0.423333	  0.123333	  0.178333	  0.275000	
  0.066667	  0.573333	  0.160000	  0.200000	
  1.000000	  0.000000	  0.000000	  0.000000	
  0.581667	  0.418333	  0.000000	  0.000000	
  0.000000	  0.000000	  0.963333	  0.036667	
  0.010000	  0.718333	  0.010000	  0.261667	
  0.726667	  0.071667	  0.001667	  0.200000	

