MEME version 4.4

ALPHABET= ACGT

strands: + -

Background letter frequencies (from /mnt/thumper-e1/home/shhuang/projects/dap/analysis.v4/gem07_rep_memechip03/bZIP_tnt/GBF6_colamp_a/background):
A 0.30200 C 0.19800 G 0.19800 T 0.30200 

MOTIF bZIP_tnt.GBF6_colamp_a_m1 MEME

letter-probability matrix: alength= 4 w= 15 nsites= 533 E= 4.4e-1072
  0.347092	  0.097561	  0.268293	  0.287054	
  0.343340	  0.161351	  0.161351	  0.333959	
  0.273921	  0.103189	  0.146341	  0.476548	
  0.150094	  0.043152	  0.562852	  0.243902	
  0.290807	  0.384615	  0.225141	  0.099437	
  0.166979	  0.106942	  0.011257	  0.714822	
  0.011257	  0.200750	  0.673546	  0.114447	
  1.000000	  0.000000	  0.000000	  0.000000	
  0.000000	  1.000000	  0.000000	  0.000000	
  0.011257	  0.000000	  0.988743	  0.000000	
  0.001876	  0.000000	  0.000000	  0.998124	
  0.000000	  0.000000	  0.998124	  0.001876	
  0.000000	  0.000000	  0.677298	  0.322702	
  0.290807	  0.643527	  0.015009	  0.050657	
  0.493433	  0.138837	  0.155722	  0.212008	

