MEME version 4.4

ALPHABET= ACGT

strands: + -

Background letter frequencies (from /mnt/thumper-e1/home/shhuang/projects/dap/analysis.v4/gem07_rep_memechip03/AP2EREBP_tnt/RAP211_colamp_a/background):
A 0.27000 C 0.23000 G 0.23000 T 0.27000 

MOTIF AP2EREBP_tnt.RAP211_colamp_a_m1 MEME

letter-probability matrix: alength= 4 w= 15 nsites= 587 E= 4.1e-865
  0.201022	  0.269165	  0.105622	  0.424191	
  0.178876	  0.303237	  0.153322	  0.364566	
  0.221465	  0.235094	  0.153322	  0.390119	
  0.189097	  0.238501	  0.117547	  0.454855	
  0.044293	  0.269165	  0.579216	  0.107325	
  0.000000	  0.000000	  0.998296	  0.001704	
  0.155026	  0.826235	  0.011925	  0.006814	
  0.000000	  1.000000	  0.000000	  0.000000	
  0.000000	  0.000000	  1.000000	  0.000000	
  0.000000	  0.001704	  0.998296	  0.000000	
  0.001704	  0.967632	  0.000000	  0.030664	
  0.253833	  0.178876	  0.241908	  0.325383	
  0.327087	  0.146508	  0.284497	  0.241908	
  0.279387	  0.245315	  0.132879	  0.342419	
  0.201022	  0.119250	  0.304940	  0.374787	

