MEME version 4.4

ALPHABET= ACGT

strands: + -

Background letter frequencies (from /mnt/thumper-e1/home/shhuang/projects/dap/analysis.v4/gem07_rep_memechip03/C2C2COlike_tnt/AT5G59990_colamp_a/background):
A 0.29400 C 0.20600 G 0.20600 T 0.29400 

MOTIF C2C2COlike_tnt.AT5G59990_colamp_a_m1 MEME

letter-probability matrix: alength= 4 w= 15 nsites= 424 E= 3.0e-949
  0.695755	  0.146226	  0.113208	  0.044811	
  0.799528	  0.030660	  0.007075	  0.162736	
  0.042453	  0.049528	  0.009434	  0.898585	
  0.073113	  0.827830	  0.033019	  0.066038	
  0.077830	  0.132075	  0.040094	  0.750000	
  0.058962	  0.540094	  0.188679	  0.212264	
  0.504717	  0.183962	  0.301887	  0.009434	
  0.695755	  0.002358	  0.290094	  0.011792	
  0.011792	  0.933962	  0.002358	  0.051887	
  0.009434	  0.985849	  0.000000	  0.004717	
  0.167453	  0.000000	  0.794811	  0.037736	
  0.004717	  0.120283	  0.007075	  0.867925	
  0.120283	  0.370283	  0.004717	  0.504717	
  0.040094	  0.636792	  0.308962	  0.014151	
  0.735849	  0.018868	  0.238208	  0.007075	

