MEME version 4.4

ALPHABET= ACGT

strands: + -

Background letter frequencies (from /mnt/thumper-e1/home/shhuang/projects/dap/analysis.v4/gem07_rep_memechip03/MYB_tnt/MYB96_col_b/background):
A 0.30900 C 0.19100 G 0.19100 T 0.30900 

MOTIF MYB_tnt.MYB96_col_b_m1 MEME

letter-probability matrix: alength= 4 w= 18 nsites= 596 E= 1.7e-932
  0.315436	  0.107383	  0.243289	  0.333893	
  0.333893	  0.087248	  0.285235	  0.293624	
  0.419463	  0.058725	  0.239933	  0.281879	
  0.303691	  0.021812	  0.421141	  0.253356	
  0.167785	  0.035235	  0.486577	  0.310403	
  0.060403	  0.162752	  0.078859	  0.697987	
  0.411074	  0.052013	  0.295302	  0.241611	
  0.011745	  0.000000	  0.968121	  0.020134	
  0.021812	  0.006711	  0.364094	  0.607383	
  0.023490	  0.010067	  0.000000	  0.966443	
  0.209732	  0.000000	  0.748322	  0.041946	
  0.090604	  0.016779	  0.822148	  0.070470	
  0.127517	  0.134228	  0.182886	  0.555369	
  0.463087	  0.058725	  0.296980	  0.181208	
  0.083893	  0.013423	  0.902685	  0.000000	
  0.083893	  0.020134	  0.238255	  0.657718	
  0.031879	  0.016779	  0.068792	  0.882550	
  0.280201	  0.046980	  0.560403	  0.112416	

