MEME version 4.4

ALPHABET= ACGT

strands: + -

Background letter frequencies (from /mnt/thumper-e1/home/shhuang/projects/dap/analysis.v4/gem07_rep_memechip03/bZIP_tnt/bZIP3_col_a/background):
A 0.27400 C 0.22600 G 0.22600 T 0.27400 

MOTIF bZIP_tnt.bZIP3_col_a_m1 MEME

letter-probability matrix: alength= 4 w= 15 nsites= 574 E= 8.4e-1490
  0.306620	  0.120209	  0.317073	  0.256098	
  0.346690	  0.165505	  0.189895	  0.297909	
  0.261324	  0.095819	  0.099303	  0.543554	
  0.047038	  0.017422	  0.764808	  0.170732	
  0.294425	  0.534843	  0.130662	  0.040070	
  0.066202	  0.097561	  0.001742	  0.834495	
  0.000000	  0.121951	  0.787456	  0.090592	
  1.000000	  0.000000	  0.000000	  0.000000	
  0.000000	  0.986063	  0.005226	  0.008711	
  0.005226	  0.013937	  0.977352	  0.003484	
  0.000000	  0.000000	  0.000000	  1.000000	
  0.000000	  0.000000	  1.000000	  0.000000	
  0.000000	  0.005226	  0.799652	  0.195122	
  0.224739	  0.750871	  0.003484	  0.020906	
  0.547038	  0.135889	  0.196864	  0.120209	

