MEME version 4.4

ALPHABET= ACGT

strands: + -

Background letter frequencies (from /mnt/thumper-e1/home/shhuang/projects/dap/analysis.v4/gem07_rep_memechip03/MYB_tnt/MYB27_col_a/background):
A 0.34400 C 0.15600 G 0.15600 T 0.34400 

MOTIF MYB_tnt.MYB27_col_a_m1 MEME

letter-probability matrix: alength= 4 w= 15 nsites= 596 E= 3.3e-1391
  0.466443	  0.134228	  0.182886	  0.216443	
  0.598993	  0.092282	  0.129195	  0.179530	
  0.645973	  0.031879	  0.119128	  0.203020	
  0.786913	  0.000000	  0.010067	  0.203020	
  0.830537	  0.000000	  0.003356	  0.166107	
  0.691275	  0.000000	  0.298658	  0.010067	
  0.000000	  0.000000	  0.001678	  0.998322	
  0.000000	  0.000000	  0.000000	  1.000000	
  0.998322	  0.000000	  0.000000	  0.001678	
  0.000000	  0.000000	  1.000000	  0.000000	
  0.000000	  0.000000	  1.000000	  0.000000	
  0.000000	  0.008389	  0.000000	  0.991611	
  0.859060	  0.080537	  0.041946	  0.018456	
  0.464765	  0.110738	  0.172819	  0.251678	
  0.528523	  0.092282	  0.233221	  0.145973	

