MEME version 4.4

ALPHABET= ACGT

strands: + -

Background letter frequencies (from /mnt/thumper-e1/home/shhuang/projects/dap/analysis.v4/gem07_rep_memechip03/WRKY_tnt/WRKY40_colamp_a/background):
A 0.31600 C 0.18400 G 0.18400 T 0.31600 

MOTIF WRKY_tnt.WRKY40_colamp_a_m1 MEME

letter-probability matrix: alength= 4 w= 13 nsites= 561 E= 2.4e-864
  0.338681	  0.187166	  0.260250	  0.213904	
  0.411765	  0.147950	  0.224599	  0.215686	
  0.518717	  0.197861	  0.155080	  0.128342	
  0.686275	  0.149733	  0.083779	  0.080214	
  0.750446	  0.076649	  0.021390	  0.151515	
  0.850267	  0.000000	  0.149733	  0.000000	
  0.000000	  0.000000	  1.000000	  0.000000	
  0.000000	  0.008913	  0.000000	  0.991087	
  0.000000	  1.000000	  0.000000	  0.000000	
  1.000000	  0.000000	  0.000000	  0.000000	
  1.000000	  0.000000	  0.000000	  0.000000	
  0.267380	  0.500891	  0.146168	  0.085561	
  0.349376	  0.133690	  0.429590	  0.087344	

