MEME version 4.4

ALPHABET= ACGT

strands: + -

Background letter frequencies (from /mnt/thumper-e1/home/shhuang/projects/dap/analysis.v4/gem07_rep_memechip03/Trihelix_tnt/AT5G05550_col_a/background):
A 0.26700 C 0.23300 G 0.23300 T 0.26700 

MOTIF Trihelix_tnt.AT5G05550_col_a_m1 MEME

letter-probability matrix: alength= 4 w= 15 nsites= 596 E= 7.5e-963
  0.303691	  0.255034	  0.119128	  0.322148	
  0.322148	  0.135906	  0.164430	  0.377517	
  0.206376	  0.104027	  0.075503	  0.614094	
  0.011745	  0.595638	  0.005034	  0.387584	
  0.144295	  0.015101	  0.206376	  0.634228	
  0.001678	  0.998322	  0.000000	  0.000000	
  0.000000	  1.000000	  0.000000	  0.000000	
  0.000000	  0.000000	  1.000000	  0.000000	
  0.087248	  0.114094	  0.756711	  0.041946	
  0.000000	  0.832215	  0.000000	  0.167785	
  0.058725	  0.028523	  0.911074	  0.001678	
  0.661074	  0.045302	  0.192953	  0.100671	
  0.161074	  0.357383	  0.119128	  0.362416	
  0.308725	  0.125839	  0.434564	  0.130872	
  0.387584	  0.102349	  0.208054	  0.302013	

