MEME version 4.4

ALPHABET= ACGT

strands: + -

Background letter frequencies (from /mnt/thumper-e1/home/shhuang/projects/dap/analysis.v4/gem07_rep_memechip03/HB_tnt/ATHB40_colamp_a/background):
A 0.35600 C 0.14400 G 0.14400 T 0.35600 

MOTIF HB_tnt.ATHB40_colamp_a_m1 MEME

letter-probability matrix: alength= 4 w= 14 nsites= 599 E= 2.2e-550
  0.377295	  0.130217	  0.250417	  0.242070	
  0.315526	  0.338898	  0.180301	  0.165275	
  0.585977	  0.093489	  0.098497	  0.222037	
  0.228715	  0.328881	  0.118531	  0.323873	
  0.023372	  0.868114	  0.001669	  0.106845	
  1.000000	  0.000000	  0.000000	  0.000000	
  1.000000	  0.000000	  0.000000	  0.000000	
  0.000000	  0.000000	  0.000000	  1.000000	
  0.485810	  0.078464	  0.066778	  0.368948	
  1.000000	  0.000000	  0.000000	  0.000000	
  0.000000	  0.000000	  0.000000	  1.000000	
  0.150250	  0.015025	  0.096828	  0.737896	
  0.293823	  0.058431	  0.348915	  0.298831	
  0.288815	  0.115192	  0.327212	  0.268781	

