MEME version 4.4

ALPHABET= ACGT

strands: + -

Background letter frequencies (from /mnt/thumper-e1/home/shhuang/projects/dap/analysis.v4/gem07_rep_memechip03/MYBrelated_tnt/TRP2_colamp_a/background):
A 0.33000 C 0.17000 G 0.17000 T 0.33000 

MOTIF MYBrelated_tnt.TRP2_colamp_a_m1 MEME

letter-probability matrix: alength= 4 w= 21 nsites= 104 E= 6.6e-599
  0.865385	  0.028846	  0.019231	  0.086538	
  0.817308	  0.019231	  0.038462	  0.125000	
  0.836538	  0.009615	  0.009615	  0.144231	
  0.000000	  0.817308	  0.048077	  0.134615	
  0.086538	  0.846154	  0.048077	  0.019231	
  0.067308	  0.721154	  0.048077	  0.163462	
  0.115385	  0.019231	  0.009615	  0.855769	
  0.990385	  0.000000	  0.009615	  0.000000	
  1.000000	  0.000000	  0.000000	  0.000000	
  0.971154	  0.028846	  0.000000	  0.000000	
  0.019231	  0.980769	  0.000000	  0.000000	
  0.009615	  0.990385	  0.000000	  0.000000	
  0.000000	  0.980769	  0.000000	  0.019231	
  0.048077	  0.000000	  0.000000	  0.951923	
  0.951923	  0.000000	  0.038462	  0.009615	
  0.951923	  0.000000	  0.028846	  0.019231	
  0.932692	  0.000000	  0.019231	  0.048077	
  0.067308	  0.769231	  0.009615	  0.153846	
  0.134615	  0.721154	  0.009615	  0.134615	
  0.038462	  0.730769	  0.009615	  0.221154	
  0.105769	  0.096154	  0.048077	  0.750000	

