MEME version 4.4

ALPHABET= ACGT

strands: + -

Background letter frequencies (from /mnt/thumper-e1/home/shhuang/projects/dap/analysis.v4/gem07_rep_memechip03/NAC_tnt/VND6_col_v31/background):
A 0.31900 C 0.18100 G 0.18100 T 0.31900 

MOTIF NAC_tnt.VND6_col_v31_m1 MEME

letter-probability matrix: alength= 4 w= 21 nsites= 599 E= 4.0e-1495
  0.078464	  0.000000	  0.003339	  0.918197	
  0.116861	  0.025042	  0.066778	  0.791319	
  0.180301	  0.071786	  0.682805	  0.065109	
  0.020033	  0.979967	  0.000000	  0.000000	
  0.000000	  0.000000	  0.292154	  0.707846	
  0.000000	  0.000000	  0.000000	  1.000000	
  0.170284	  0.173623	  0.552588	  0.103506	
  0.300501	  0.178631	  0.111853	  0.409015	
  0.353923	  0.085142	  0.230384	  0.330551	
  0.265442	  0.188648	  0.188648	  0.357262	
  0.193656	  0.215359	  0.128548	  0.462437	
  0.203673	  0.126878	  0.183639	  0.485810	
  0.015025	  0.397329	  0.090150	  0.497496	
  1.000000	  0.000000	  0.000000	  0.000000	
  0.409015	  0.590985	  0.000000	  0.000000	
  0.000000	  0.000000	  0.911519	  0.088481	
  0.051753	  0.465776	  0.055092	  0.427379	
  0.440735	  0.180301	  0.005008	  0.373957	
  0.702838	  0.000000	  0.006678	  0.290484	
  0.141903	  0.440735	  0.091820	  0.325543	
  0.210351	  0.480801	  0.150250	  0.158598	

