MEME version 4.4

ALPHABET= ACGT

strands: + -

Background letter frequencies (from /mnt/thumper-e1/home/shhuang/projects/dap/analysis.v4/gem07_rep_memechip03/C2H2_tnt/STOP1_colamp_a/background):
A 0.29600 C 0.20300 G 0.20300 T 0.29600 

MOTIF C2H2_tnt.STOP1_colamp_a_m1 MEME

letter-probability matrix: alength= 4 w= 15 nsites= 579 E= 8.7e-543
  0.645941	  0.081174	  0.189983	  0.082902	
  0.124352	  0.791019	  0.050086	  0.034542	
  0.000000	  0.924007	  0.001727	  0.074266	
  0.056995	  0.070812	  0.138169	  0.734024	
  0.172712	  0.248705	  0.226252	  0.352332	
  0.120898	  0.759931	  0.044905	  0.074266	
  0.449050	  0.487047	  0.010363	  0.053541	
  0.001727	  0.816926	  0.000000	  0.181347	
  0.074266	  0.699482	  0.036269	  0.189983	
  0.682211	  0.006908	  0.267703	  0.043178	
  0.155440	  0.056995	  0.702936	  0.084629	
  0.531952	  0.055268	  0.122625	  0.290155	
  0.215889	  0.058722	  0.017271	  0.708117	
  0.542314	  0.136442	  0.271157	  0.050086	
  0.381693	  0.243523	  0.126079	  0.248705	

