MEME version 4.4

ALPHABET= ACGT

strands: + -

Background letter frequencies (from /mnt/thumper-e1/home/shhuang/projects/dap/analysis.v4/gem07_rep_memechip03/AP2EREBP_tnt/ERF115_col_a/background):
A 0.24500 C 0.25500 G 0.25500 T 0.24500 

MOTIF AP2EREBP_tnt.ERF115_col_a_m1 MEME

letter-probability matrix: alength= 4 w= 15 nsites= 599 E= 7.2e-1079
  0.026711	  0.769616	  0.111853	  0.091820	
  0.081803	  0.879800	  0.013356	  0.025042	
  0.108514	  0.000000	  0.829716	  0.061770	
  0.013356	  0.928214	  0.041736	  0.016694	
  0.023372	  0.976628	  0.000000	  0.000000	
  0.083472	  0.000000	  0.888147	  0.028381	
  0.008347	  0.711185	  0.013356	  0.267112	
  0.218698	  0.677796	  0.008347	  0.095159	
  0.419032	  0.011686	  0.407346	  0.161937	
  0.078464	  0.584307	  0.025042	  0.312187	
  0.191987	  0.614357	  0.033389	  0.160267	
  0.186978	  0.016694	  0.575960	  0.220367	
  0.050083	  0.749583	  0.023372	  0.176962	
  0.095159	  0.727880	  0.055092	  0.121870	
  0.212020	  0.061770	  0.601002	  0.125209	

