MEME version 4.4

ALPHABET= ACGT

strands: + -

Background letter frequencies (from /mnt/thumper-e1/home/shhuang/projects/dap/analysis.v4/gem07_rep_memechip03/AP2EREBP_tnt/At4g28140_colamp_a/background):
A 0.26800 C 0.23300 G 0.23300 T 0.26800 

MOTIF AP2EREBP_tnt.At4g28140_colamp_a_m1 MEME

letter-probability matrix: alength= 4 w= 15 nsites= 525 E= 4.3e-804
  0.028571	  0.076190	  0.483810	  0.411429	
  0.005714	  0.000000	  0.994286	  0.000000	
  0.238095	  0.022857	  0.228571	  0.510476	
  0.000000	  0.992381	  0.003810	  0.003810	
  0.000000	  0.000000	  1.000000	  0.000000	
  0.000000	  0.000000	  1.000000	  0.000000	
  0.000000	  0.289524	  0.000000	  0.710476	
  0.034286	  0.017143	  0.914286	  0.034286	
  0.152381	  0.154286	  0.630476	  0.062857	
  0.346667	  0.337143	  0.080000	  0.236190	
  0.213333	  0.068571	  0.525714	  0.192381	
  0.318095	  0.142857	  0.400000	  0.139048	
  0.224762	  0.297143	  0.180952	  0.297143	
  0.217143	  0.165714	  0.436190	  0.180952	
  0.245714	  0.135238	  0.405714	  0.213333	

