MEME version 4.4

ALPHABET= ACGT

strands: + -

Background letter frequencies (from /mnt/thumper-e1/home/shhuang/projects/dap/analysis.v4/gem07_rep_memechip03/ARF_tnt/ARF16_col_b/background):
A 0.33300 C 0.16700 G 0.16700 T 0.33300 

MOTIF ARF_tnt.ARF16_col_b_m1 MEME

letter-probability matrix: alength= 4 w= 21 nsites= 101 E= 8.8e-540
  0.039604	  0.009901	  0.009901	  0.940594	
  0.029703	  0.000000	  0.000000	  0.970297	
  0.029703	  0.039604	  0.009901	  0.920792	
  0.851485	  0.000000	  0.118812	  0.029703	
  0.000000	  0.861386	  0.000000	  0.138614	
  0.069307	  0.009901	  0.900990	  0.019802	
  0.089109	  0.019802	  0.396040	  0.495050	
  0.000000	  0.000000	  0.019802	  0.980198	
  0.009901	  0.000000	  0.000000	  0.990099	
  0.029703	  0.000000	  0.009901	  0.960396	
  0.029703	  0.019802	  0.000000	  0.950495	
  0.019802	  0.000000	  0.920792	  0.059406	
  0.089109	  0.000000	  0.910891	  0.000000	
  0.000000	  0.910891	  0.019802	  0.069307	
  0.059406	  0.009901	  0.910891	  0.019802	
  0.158416	  0.019802	  0.801980	  0.019802	
  0.346535	  0.000000	  0.653465	  0.000000	
  0.940594	  0.000000	  0.059406	  0.000000	
  0.960396	  0.019802	  0.019802	  0.000000	
  0.980198	  0.000000	  0.009901	  0.009901	
  0.891089	  0.009901	  0.009901	  0.089109	

