MEME version 4.4

ALPHABET= ACGT

strands: + -

Background letter frequencies (from /mnt/thumper-e1/home/shhuang/projects/dap/analysis.v4/gem07_rep_memechip03/NAC_tnt/ANAC047_col/background):
A 0.31800 C 0.18200 G 0.18200 T 0.31800 

MOTIF NAC_tnt.ANAC047_col_m1 MEME

letter-probability matrix: alength= 4 w= 15 nsites= 600 E= 5.7e-577
  0.501667	  0.166667	  0.136667	  0.195000	
  0.603333	  0.045000	  0.285000	  0.066667	
  0.215000	  0.096667	  0.640000	  0.048333	
  0.348333	  0.000000	  0.000000	  0.651667	
  0.106667	  0.005000	  0.366667	  0.521667	
  0.576667	  0.151667	  0.230000	  0.041667	
  0.008333	  0.980000	  0.010000	  0.001667	
  0.005000	  0.000000	  0.995000	  0.000000	
  0.000000	  0.000000	  0.000000	  1.000000	
  0.251667	  0.033333	  0.708333	  0.006667	
  0.238333	  0.121667	  0.088333	  0.551667	
  0.368333	  0.165000	  0.206667	  0.260000	
  0.310000	  0.170000	  0.258333	  0.261667	
  0.371667	  0.148333	  0.201667	  0.278333	
  0.546667	  0.070000	  0.126667	  0.256667	

