MEME version 4.4

ALPHABET= ACGT

strands: + -

Background letter frequencies (from /mnt/thumper-e1/home/shhuang/projects/dap/analysis.v4/gem07_rep_memechip03/MYB_tnt/MYB121_col_a/background):
A 0.31900 C 0.18100 G 0.18100 T 0.31900 

MOTIF MYB_tnt.MYB121_col_a_m1 MEME

letter-probability matrix: alength= 4 w= 14 nsites= 573 E= 6.7e-634
  0.417103	  0.101222	  0.143106	  0.338569	
  0.462478	  0.087260	  0.153578	  0.296684	
  0.525305	  0.033159	  0.167539	  0.273997	
  0.239092	  0.000000	  0.719023	  0.041885	
  0.006981	  0.000000	  0.258290	  0.734729	
  0.000000	  0.000000	  0.000000	  1.000000	
  0.823735	  0.082024	  0.000000	  0.094241	
  0.000000	  0.000000	  1.000000	  0.000000	
  0.000000	  0.000000	  0.996510	  0.003490	
  0.000000	  0.076789	  0.000000	  0.923211	
  0.593368	  0.108202	  0.101222	  0.197208	
  0.272251	  0.249564	  0.169284	  0.308901	
  0.481675	  0.102967	  0.284468	  0.130890	
  0.401396	  0.129145	  0.225131	  0.244328	

