MEME version 4.4

ALPHABET= ACGT

strands: + -

Background letter frequencies (from /mnt/thumper-e1/home/shhuang/projects/dap/analysis.v4/gem07_rep_memechip03/AP2EREBP_tnt/DDF2_col_a/background):
A 0.28100 C 0.21900 G 0.21900 T 0.28100 

MOTIF AP2EREBP_tnt.DDF2_col_a_m1 MEME

letter-probability matrix: alength= 4 w= 15 nsites= 311 E= 2.0e-673
  0.244373	  0.279743	  0.083601	  0.392283	
  0.109325	  0.228296	  0.511254	  0.151125	
  0.916399	  0.000000	  0.080386	  0.003215	
  0.006431	  0.028939	  0.000000	  0.964630	
  0.000000	  0.000000	  1.000000	  0.000000	
  0.000000	  0.000000	  0.000000	  1.000000	
  0.000000	  1.000000	  0.000000	  0.000000	
  0.000000	  0.000000	  1.000000	  0.000000	
  0.379421	  0.000000	  0.620579	  0.000000	
  0.003215	  0.768489	  0.000000	  0.228296	
  0.427653	  0.041801	  0.498392	  0.032154	
  0.511254	  0.073955	  0.299035	  0.115756	
  0.327974	  0.270096	  0.180064	  0.221865	
  0.276527	  0.154341	  0.401929	  0.167203	
  0.331190	  0.125402	  0.295820	  0.247588	

