MEME version 4.4

ALPHABET= ACGT

strands: + -

Background letter frequencies (from /mnt/thumper-e1/home/shhuang/projects/dap/analysis.v4/gem07_rep_memechip03/MYB_tnt/MYB61_col_a/background):
A 0.28900 C 0.21100 G 0.21100 T 0.28900 

MOTIF MYB_tnt.MYB61_col_a_m1 MEME

letter-probability matrix: alength= 4 w= 15 nsites= 595 E= 3.0e-784
  0.154622	  0.354622	  0.082353	  0.408403	
  0.168067	  0.415126	  0.127731	  0.289076	
  0.000000	  0.603361	  0.000000	  0.396639	
  0.996639	  0.001681	  0.000000	  0.001681	
  0.341176	  0.658824	  0.000000	  0.000000	
  0.000000	  1.000000	  0.000000	  0.000000	
  0.378151	  0.221849	  0.000000	  0.400000	
  0.991597	  0.000000	  0.008403	  0.000000	
  0.196639	  0.803361	  0.000000	  0.000000	
  0.011765	  0.863866	  0.000000	  0.124370	
  0.478992	  0.094118	  0.210084	  0.216807	
  0.253782	  0.396639	  0.126050	  0.223529	
  0.310924	  0.352941	  0.090756	  0.245378	
  0.317647	  0.257143	  0.157983	  0.267227	
  0.253782	  0.388235	  0.097479	  0.260504	

