MEME version 4.4

ALPHABET= ACGT

strands: + -

Background letter frequencies (from /mnt/thumper-e1/home/shhuang/projects/dap/analysis.v4/gem07_rep_memechip03/AP2EREBP_tnt/DEAR2_colamp_a/background):
A 0.27200 C 0.22800 G 0.22800 T 0.27200 

MOTIF AP2EREBP_tnt.DEAR2_colamp_a_m1 MEME

letter-probability matrix: alength= 4 w= 15 nsites= 598 E= 8.2e-1031
  0.362876	  0.058528	  0.265886	  0.312709	
  0.078595	  0.117057	  0.140468	  0.663880	
  0.000000	  0.000000	  1.000000	  0.000000	
  0.165552	  0.005017	  0.113712	  0.715719	
  0.000000	  1.000000	  0.000000	  0.000000	
  0.000000	  0.000000	  1.000000	  0.000000	
  0.000000	  0.000000	  1.000000	  0.000000	
  0.000000	  0.142140	  0.000000	  0.857860	
  0.016722	  0.013378	  0.918060	  0.051839	
  0.359532	  0.153846	  0.364548	  0.122074	
  0.269231	  0.326087	  0.105351	  0.299331	
  0.230769	  0.093645	  0.473244	  0.202341	
  0.297659	  0.157191	  0.371237	  0.173913	
  0.229097	  0.250836	  0.182274	  0.337793	
  0.234114	  0.140468	  0.408027	  0.217391	

