MEME version 4.4

ALPHABET= ACGT

strands: + -

Background letter frequencies (from /mnt/thumper-e1/home/shhuang/projects/dap/analysis.v4/gem07_rep_memechip03/WRKY_tnt/WRKY75_col_a/background):
A 0.29500 C 0.20500 G 0.20500 T 0.29500 

MOTIF WRKY_tnt.WRKY75_col_a_m1 MEME

letter-probability matrix: alength= 4 w= 13 nsites= 600 E= 2.5e-1134
  0.468333	  0.188333	  0.161667	  0.181667	
  0.706667	  0.071667	  0.105000	  0.116667	
  0.720000	  0.060000	  0.051667	  0.168333	
  0.815000	  0.008333	  0.168333	  0.008333	
  0.000000	  0.000000	  1.000000	  0.000000	
  0.000000	  0.003333	  0.000000	  0.996667	
  0.000000	  1.000000	  0.000000	  0.000000	
  1.000000	  0.000000	  0.000000	  0.000000	
  0.998333	  0.000000	  0.000000	  0.001667	
  0.151667	  0.785000	  0.010000	  0.053333	
  0.155000	  0.095000	  0.671667	  0.078333	
  0.276667	  0.235000	  0.243333	  0.245000	
  0.273333	  0.311667	  0.121667	  0.293333	

