MEME version 4.4

ALPHABET= ACGT

strands: + -

Background letter frequencies (from /mnt/thumper-e1/home/shhuang/projects/dap/analysis.v4/gem07_rep_memechip03/MYB_tnt/MYB93_col_a/background):
A 0.32100 C 0.17900 G 0.17900 T 0.32100 

MOTIF MYB_tnt.MYB93_col_a_m1 MEME

letter-probability matrix: alength= 4 w= 21 nsites= 596 E= 2.5e-735
  0.233221	  0.078859	  0.286913	  0.401007	
  0.261745	  0.114094	  0.248322	  0.375839	
  0.182886	  0.093960	  0.409396	  0.313758	
  0.241611	  0.060403	  0.348993	  0.348993	
  0.246644	  0.115772	  0.256711	  0.380872	
  0.310403	  0.040268	  0.296980	  0.352349	
  0.369128	  0.041946	  0.330537	  0.258389	
  0.390940	  0.046980	  0.209732	  0.352349	
  0.338926	  0.000000	  0.604027	  0.057047	
  0.000000	  0.000000	  0.585570	  0.414430	
  0.001678	  0.001678	  0.000000	  0.996644	
  0.513423	  0.005034	  0.090604	  0.390940	
  0.000000	  0.000000	  1.000000	  0.000000	
  0.021812	  0.008389	  0.703020	  0.266779	
  0.006711	  0.008389	  0.000000	  0.984899	
  0.260067	  0.080537	  0.598993	  0.060403	
  0.528523	  0.082215	  0.266779	  0.122483	
  0.540268	  0.124161	  0.263423	  0.072148	
  0.275168	  0.412752	  0.176174	  0.135906	
  0.298658	  0.291946	  0.122483	  0.286913	
  0.444631	  0.067114	  0.189597	  0.298658	

