MEME version 4.4

ALPHABET= ACGT

strands: + -

Background letter frequencies (from /mnt/thumper-e1/home/shhuang/projects/dap/analysis.v4/gem07_rep_memechip03/NAC_tnt/ANAC050_colamp_a/background):
A 0.31000 C 0.19000 G 0.19000 T 0.31000 

MOTIF NAC_tnt.ANAC050_colamp_a_m1 MEME

letter-probability matrix: alength= 4 w= 15 nsites= 597 E= 5.5e-1245
  0.162479	  0.000000	  0.155779	  0.681742	
  0.393635	  0.180905	  0.190955	  0.234506	
  0.001675	  0.996650	  0.000000	  0.001675	
  0.000000	  0.000000	  0.192630	  0.807370	
  0.000000	  0.000000	  0.000000	  1.000000	
  0.033501	  0.000000	  0.966499	  0.000000	
  0.214405	  0.242881	  0.257956	  0.284757	
  0.331658	  0.125628	  0.457286	  0.085427	
  0.252931	  0.130653	  0.296482	  0.319933	
  0.395310	  0.177554	  0.187605	  0.239531	
  0.477387	  0.063652	  0.286432	  0.172529	
  0.028476	  0.700168	  0.164154	  0.107203	
  1.000000	  0.000000	  0.000000	  0.000000	
  0.798995	  0.201005	  0.000000	  0.000000	
  0.001675	  0.000000	  0.996650	  0.001675	

