MEME version 4.4

ALPHABET= ACGT

strands: + -

Background letter frequencies (from /mnt/thumper-e1/home/shhuang/projects/dap/analysis.v4/gem07_rep_memechip03/NAC_tnt/SMB_col_a/background):
A 0.30600 C 0.19400 G 0.19400 T 0.30600 

MOTIF NAC_tnt.SMB_col_a_m1 MEME

letter-probability matrix: alength= 4 w= 21 nsites= 600 E= 3.8e-1446
  0.170000	  0.111667	  0.553333	  0.165000	
  0.278333	  0.068333	  0.523333	  0.130000	
  0.155000	  0.005000	  0.005000	  0.835000	
  0.415000	  0.011667	  0.161667	  0.411667	
  0.461667	  0.023333	  0.480000	  0.035000	
  0.086667	  0.898333	  0.000000	  0.015000	
  0.000000	  0.000000	  0.696667	  0.303333	
  0.000000	  0.000000	  0.000000	  1.000000	
  0.400000	  0.056667	  0.536667	  0.006667	
  0.353333	  0.208333	  0.140000	  0.298333	
  0.435000	  0.103333	  0.261667	  0.200000	
  0.323333	  0.156667	  0.236667	  0.283333	
  0.275000	  0.250000	  0.090000	  0.385000	
  0.353333	  0.100000	  0.158333	  0.388333	
  0.065000	  0.530000	  0.211667	  0.193333	
  0.990000	  0.010000	  0.000000	  0.000000	
  0.713333	  0.285000	  0.001667	  0.000000	
  0.000000	  0.003333	  0.963333	  0.033333	
  0.145000	  0.445000	  0.141667	  0.268333	
  0.660000	  0.103333	  0.041667	  0.195000	
  0.916667	  0.000000	  0.006667	  0.076667	

