MEME version 4.4

ALPHABET= ACGT

strands: + -

Background letter frequencies (from /mnt/thumper-e1/home/shhuang/projects/dap/analysis.v4/gem07_rep_memechip03/AP2EREBP_tnt/Rap210_col_a/background):
A 0.27300 C 0.22700 G 0.22700 T 0.27300 

MOTIF AP2EREBP_tnt.Rap210_col_a_m1 MEME

letter-probability matrix: alength= 4 w= 15 nsites= 599 E= 4.8e-950
  0.282137	  0.233723	  0.146912	  0.337229	
  0.340568	  0.111853	  0.198664	  0.348915	
  0.191987	  0.173623	  0.260434	  0.373957	
  0.018364	  0.163606	  0.003339	  0.814691	
  0.000000	  0.000000	  0.998331	  0.001669	
  0.043406	  0.000000	  0.016694	  0.939900	
  0.000000	  1.000000	  0.000000	  0.000000	
  0.000000	  0.000000	  1.000000	  0.000000	
  0.050083	  0.000000	  0.949917	  0.000000	
  0.000000	  0.757930	  0.003339	  0.238731	
  0.475793	  0.056761	  0.355593	  0.111853	
  0.452421	  0.076795	  0.342237	  0.128548	
  0.377295	  0.257095	  0.171953	  0.193656	
  0.312187	  0.136895	  0.340568	  0.210351	
  0.300501	  0.128548	  0.325543	  0.245409	

