MEME version 4.4

ALPHABET= ACGT

strands: + -

Background letter frequencies (from /mnt/thumper-e1/home/shhuang/projects/dap/analysis.v4/gem07_rep_memechip03/AP2EREBP_tnt/ESE3_col_a/background):
A 0.23300 C 0.26700 G 0.26700 T 0.23300 

MOTIF AP2EREBP_tnt.ESE3_col_a_m1 MEME

letter-probability matrix: alength= 4 w= 19 nsites= 596 E= 9.1e-1137
  0.248322	  0.367450	  0.167785	  0.216443	
  0.161074	  0.080537	  0.607383	  0.151007	
  0.189597	  0.109060	  0.617450	  0.083893	
  0.312081	  0.310403	  0.107383	  0.270134	
  0.244966	  0.043624	  0.515101	  0.196309	
  0.191275	  0.050336	  0.555369	  0.203020	
  0.298658	  0.256711	  0.046980	  0.397651	
  0.151007	  0.011745	  0.627517	  0.209732	
  0.244966	  0.028523	  0.645973	  0.080537	
  0.020134	  0.911074	  0.000000	  0.068792	
  0.000000	  0.000000	  1.000000	  0.000000	
  0.001678	  0.005034	  0.993289	  0.000000	
  0.048658	  0.671141	  0.000000	  0.280201	
  0.000000	  0.000000	  0.984899	  0.015101	
  0.025168	  0.075503	  0.879195	  0.020134	
  0.453020	  0.354027	  0.031879	  0.161074	
  0.077181	  0.015101	  0.840604	  0.067114	
  0.244966	  0.115772	  0.582215	  0.057047	
  0.390940	  0.164430	  0.124161	  0.320470	

