MEME version 4.4

ALPHABET= ACGT

strands: + -

Background letter frequencies (from /mnt/thumper-e1/home/shhuang/projects/dap/analysis.v4/gem07_rep_memechip03/bZIP_tnt/TGA1_col/background):
A 0.30300 C 0.19700 G 0.19700 T 0.30300 

MOTIF bZIP_tnt.TGA1_col_m1 MEME

letter-probability matrix: alength= 4 w= 15 nsites= 595 E= 1.1e-1646
  0.354622	  0.109244	  0.277311	  0.258824	
  0.455462	  0.141176	  0.119328	  0.284034	
  0.218487	  0.137815	  0.094118	  0.549580	
  0.089076	  0.078992	  0.774790	  0.057143	
  0.510924	  0.361345	  0.109244	  0.018487	
  0.015126	  0.008403	  0.000000	  0.976471	
  0.000000	  0.000000	  0.855462	  0.144538	
  0.996639	  0.000000	  0.003361	  0.000000	
  0.000000	  0.942857	  0.000000	  0.057143	
  0.036975	  0.001681	  0.961345	  0.000000	
  0.000000	  0.000000	  0.000000	  1.000000	
  0.011765	  0.974790	  0.013445	  0.000000	
  0.989916	  0.000000	  0.010084	  0.000000	
  0.015126	  0.383193	  0.129412	  0.472269	
  0.247059	  0.354622	  0.110924	  0.287395	

