MEME version 4.4

ALPHABET= ACGT

strands: + -

Background letter frequencies (from /mnt/thumper-e1/home/shhuang/projects/dap/analysis.v4/gem07_rep_memechip03/C2H2_tnt/AT5G22990_col_a/background):
A 0.27100 C 0.22900 G 0.22900 T 0.27100 

MOTIF C2H2_tnt.AT5G22990_col_a_m1 MEME

letter-probability matrix: alength= 4 w= 15 nsites= 584 E= 3.8e-573
  0.289384	  0.135274	  0.017123	  0.558219	
  0.000000	  0.977740	  0.000000	  0.022260	
  0.054795	  0.003425	  0.904110	  0.037671	
  0.376712	  0.022260	  0.047945	  0.553082	
  0.227740	  0.460616	  0.070205	  0.241438	
  0.426370	  0.005137	  0.184932	  0.383562	
  0.075342	  0.087329	  0.003425	  0.833904	
  0.000000	  1.000000	  0.000000	  0.000000	
  0.029110	  0.006849	  0.936644	  0.027397	
  0.397260	  0.042808	  0.034247	  0.525685	
  0.138699	  0.320205	  0.070205	  0.470890	
  0.214041	  0.220890	  0.214041	  0.351027	
  0.208904	  0.205479	  0.094178	  0.491438	
  0.148973	  0.465753	  0.164384	  0.220890	
  0.277397	  0.142123	  0.333904	  0.246575	

