MEME version 4.4

ALPHABET= ACGT

strands: + -

Background letter frequencies (from /mnt/thumper-e1/home/shhuang/projects/dap/analysis.v4/gem07_rep_memechip03/NAC_tnt/ANAC017_col/background):
A 0.30500 C 0.19500 G 0.19500 T 0.30500 

MOTIF NAC_tnt.ANAC017_col_m1 MEME

letter-probability matrix: alength= 4 w= 19 nsites= 597 E= 1.3e-1779
  0.423786	  0.199330	  0.134003	  0.242881	
  0.273032	  0.122278	  0.343384	  0.261307	
  0.242881	  0.172529	  0.323283	  0.261307	
  0.028476	  0.000000	  0.000000	  0.971524	
  0.036851	  0.001675	  0.040201	  0.921273	
  0.313233	  0.209380	  0.140704	  0.336683	
  0.000000	  1.000000	  0.000000	  0.000000	
  0.000000	  0.000000	  0.216080	  0.783920	
  0.000000	  0.000000	  0.000000	  1.000000	
  0.005025	  0.006700	  0.988275	  0.000000	
  0.117253	  0.254606	  0.268007	  0.360134	
  0.271357	  0.165829	  0.236181	  0.326633	
  0.219430	  0.266332	  0.323283	  0.190955	
  0.365159	  0.273032	  0.189280	  0.172529	
  0.391960	  0.182580	  0.237856	  0.187605	
  0.001675	  0.963149	  0.003350	  0.031826	
  1.000000	  0.000000	  0.000000	  0.000000	
  0.623116	  0.376884	  0.000000	  0.000000	
  0.000000	  0.000000	  0.976549	  0.023451	

