MEME version 4.4

ALPHABET= ACGT

strands: + -

Background letter frequencies (from /mnt/thumper-e1/home/shhuang/projects/dap/analysis.v4/gem07_rep_memechip03/MYB_tnt/MYB116_col_a/background):
A 0.32400 C 0.17600 G 0.17600 T 0.32400 

MOTIF MYB_tnt.MYB116_col_a_m1 MEME

letter-probability matrix: alength= 4 w= 15 nsites= 240 E= 1.5e-313
  0.441667	  0.150000	  0.166667	  0.241667	
  0.520833	  0.150000	  0.166667	  0.162500	
  0.333333	  0.291667	  0.170833	  0.204167	
  0.537500	  0.079167	  0.137500	  0.245833	
  0.475000	  0.195833	  0.129167	  0.200000	
  0.554167	  0.050000	  0.108333	  0.287500	
  0.754167	  0.029167	  0.091667	  0.125000	
  0.220833	  0.125000	  0.633333	  0.020833	
  0.000000	  0.000000	  0.000000	  1.000000	
  0.000000	  0.000000	  0.000000	  1.000000	
  0.995833	  0.000000	  0.000000	  0.004167	
  0.000000	  0.000000	  1.000000	  0.000000	
  0.004167	  0.000000	  0.991667	  0.004167	
  0.012500	  0.583333	  0.025000	  0.379167	
  0.458333	  0.137500	  0.150000	  0.254167	

