MEME version 4.4

ALPHABET= ACGT

strands: + -

Background letter frequencies (from /mnt/thumper-e1/home/shhuang/projects/dap/analysis.v4/gem07_rep_memechip03/G2like_tnt/At3g04030_col_a/background):
A 0.33000 C 0.17000 G 0.17000 T 0.33000 

MOTIF G2like_tnt.At3g04030_col_a_m1 MEME

letter-probability matrix: alength= 4 w= 14 nsites= 598 E= 1.8e-661
  0.429766	  0.140468	  0.192308	  0.237458	
  0.526756	  0.055184	  0.172241	  0.245819	
  0.344482	  0.103679	  0.290970	  0.260870	
  0.438127	  0.162207	  0.399666	  0.000000	
  0.000000	  0.000000	  0.998328	  0.001672	
  0.979933	  0.016722	  0.000000	  0.003344	
  0.996656	  0.000000	  0.000000	  0.003344	
  0.000000	  0.000000	  0.000000	  1.000000	
  0.481605	  0.518395	  0.000000	  0.000000	
  0.021739	  0.000000	  0.000000	  0.978261	
  0.142140	  0.033445	  0.091973	  0.732441	
  0.180602	  0.403010	  0.055184	  0.361204	
  0.183946	  0.219064	  0.170569	  0.426421	
  0.244147	  0.160535	  0.219064	  0.376254	

