MEME version 4.4

ALPHABET= ACGT

strands: + -

Background letter frequencies (from /mnt/thumper-e1/home/shhuang/projects/dap/analysis.v4/gem07_rep_memechip03/C3H_tnt/At5g08750_col_a/background):
A 0.27700 C 0.22300 G 0.22300 T 0.27700 

MOTIF C3H_tnt.At5g08750_col_a_m1 MEME

letter-probability matrix: alength= 4 w= 15 nsites= 600 E= 7.2e-576
  0.418333	  0.136667	  0.261667	  0.183333	
  0.276667	  0.383333	  0.101667	  0.238333	
  0.273333	  0.416667	  0.115000	  0.195000	
  0.323333	  0.078333	  0.245000	  0.353333	
  0.130000	  0.438333	  0.031667	  0.400000	
  0.530000	  0.330000	  0.118333	  0.021667	
  0.298333	  0.000000	  0.700000	  0.001667	
  0.006667	  0.821667	  0.000000	  0.171667	
  0.003333	  0.996667	  0.000000	  0.000000	
  0.031667	  0.000000	  0.968333	  0.000000	
  0.070000	  0.633333	  0.003333	  0.293333	
  0.921667	  0.013333	  0.043333	  0.021667	
  0.596667	  0.088333	  0.136667	  0.178333	
  0.541667	  0.218333	  0.075000	  0.165000	
  0.518333	  0.180000	  0.126667	  0.175000	

