MEME version 4.4

ALPHABET= ACGT

strands: + -

Background letter frequencies (from /mnt/thumper-e1/home/shhuang/projects/dap/analysis.v4/gem07_rep_memechip03/NAC_tnt/VND4_col/background):
A 0.31900 C 0.18100 G 0.18100 T 0.31900 

MOTIF NAC_tnt.VND4_col_m1 MEME

letter-probability matrix: alength= 4 w= 15 nsites= 600 E= 4.5e-959
  0.068333	  0.931667	  0.000000	  0.000000	
  0.000000	  0.000000	  0.571667	  0.428333	
  0.000000	  0.000000	  0.000000	  1.000000	
  0.518333	  0.065000	  0.401667	  0.015000	
  0.513333	  0.168333	  0.120000	  0.198333	
  0.510000	  0.120000	  0.190000	  0.180000	
  0.431667	  0.158333	  0.188333	  0.221667	
  0.371667	  0.210000	  0.095000	  0.323333	
  0.430000	  0.098333	  0.146667	  0.325000	
  0.058333	  0.500000	  0.153333	  0.288333	
  0.998333	  0.001667	  0.000000	  0.000000	
  0.540000	  0.460000	  0.000000	  0.000000	
  0.001667	  0.000000	  0.946667	  0.051667	
  0.025000	  0.763333	  0.010000	  0.201667	
  0.748333	  0.043333	  0.001667	  0.206667	

