MEME version 4.4

ALPHABET= ACGT

strands: + -

Background letter frequencies (from /mnt/thumper-e1/home/shhuang/projects/dap/analysis.v4/gem07_rep_memechip03/ABI3VP1_tnt/AT5G18090_col_a/background):
A 0.30000 C 0.20000 G 0.20000 T 0.30000 

MOTIF ABI3VP1_tnt.AT5G18090_col_a_m1 MEME

letter-probability matrix: alength= 4 w= 15 nsites= 147 E= 2.1e-117
  0.244898	  0.163265	  0.401361	  0.190476	
  0.414966	  0.149660	  0.238095	  0.197279	
  0.312925	  0.176871	  0.129252	  0.380952	
  0.000000	  0.000000	  1.000000	  0.000000	
  1.000000	  0.000000	  0.000000	  0.000000	
  0.000000	  0.000000	  0.000000	  1.000000	
  0.000000	  0.006803	  0.993197	  0.000000	
  1.000000	  0.000000	  0.000000	  0.000000	
  1.000000	  0.000000	  0.000000	  0.000000	
  0.292517	  0.122449	  0.360544	  0.224490	
  0.394558	  0.258503	  0.176871	  0.170068	
  0.380952	  0.190476	  0.204082	  0.224490	
  0.340136	  0.163265	  0.278912	  0.217687	
  0.435374	  0.142857	  0.210884	  0.210884	
  0.265306	  0.102041	  0.326531	  0.306122	

