MEME version 4.4

ALPHABET= ACGT

strands: + -

Background letter frequencies (from /mnt/thumper-e1/home/shhuang/projects/dap/analysis.v4/gem07_rep_memechip03/WRKY_tnt/WRKY31_colamp_a/background):
A 0.31000 C 0.19000 G 0.19000 T 0.31000 

MOTIF WRKY_tnt.WRKY31_colamp_a_m1 MEME

letter-probability matrix: alength= 4 w= 13 nsites= 598 E= 1.4e-1058
  0.346154	  0.105351	  0.277592	  0.270903	
  0.237458	  0.215719	  0.294314	  0.252508	
  0.157191	  0.657191	  0.076923	  0.108696	
  0.023411	  0.000000	  0.899666	  0.076923	
  0.000000	  0.000000	  0.000000	  1.000000	
  0.000000	  0.000000	  0.000000	  1.000000	
  0.000000	  0.000000	  1.000000	  0.000000	
  1.000000	  0.000000	  0.000000	  0.000000	
  0.000000	  1.000000	  0.000000	  0.000000	
  0.005017	  0.322742	  0.003344	  0.668896	
  0.270903	  0.120401	  0.120401	  0.488294	
  0.239130	  0.112040	  0.165552	  0.483278	
  0.209030	  0.127090	  0.274247	  0.389632	

