MEME version 4.4

ALPHABET= ACGT

strands: + -

Background letter frequencies (from /mnt/thumper-e1/home/shhuang/projects/dap/analysis.v4/gem07_rep_memechip03/NAC_tnt/VND2_colamp_a/background):
A 0.30200 C 0.19800 G 0.19800 T 0.30200 

MOTIF NAC_tnt.VND2_colamp_a_m1 MEME

letter-probability matrix: alength= 4 w= 23 nsites= 373 E= 2.7e-788
  0.058981	  0.002681	  0.005362	  0.932976	
  0.075067	  0.024129	  0.104558	  0.796247	
  0.174263	  0.067024	  0.680965	  0.077748	
  0.018767	  0.978552	  0.000000	  0.002681	
  0.000000	  0.000000	  0.308311	  0.691689	
  0.002681	  0.000000	  0.005362	  0.991957	
  0.190349	  0.217158	  0.533512	  0.058981	
  0.294906	  0.174263	  0.120643	  0.410188	
  0.329759	  0.126005	  0.222520	  0.321716	
  0.246649	  0.257373	  0.166220	  0.329759	
  0.179625	  0.278820	  0.120643	  0.420912	
  0.265416	  0.139410	  0.265416	  0.329759	
  0.016086	  0.592493	  0.053619	  0.337802	
  0.997319	  0.000000	  0.002681	  0.000000	
  0.367292	  0.632708	  0.000000	  0.000000	
  0.002681	  0.002681	  0.954424	  0.040214	
  0.040214	  0.434316	  0.083110	  0.442359	
  0.383378	  0.166220	  0.010724	  0.439678	
  0.747989	  0.010724	  0.000000	  0.241287	
  0.147453	  0.439678	  0.112601	  0.300268	
  0.128686	  0.487936	  0.187668	  0.195710	
  0.217158	  0.136729	  0.142091	  0.504021	
  0.241287	  0.297587	  0.128686	  0.332440	

