MEME version 4.4

ALPHABET= ACGT

strands: + -

Background letter frequencies (from /mnt/thumper-e1/home/shhuang/projects/dap/analysis.v4/gem07_rep_memechip03/bZIP_tnt/bZIP48_col_a/background):
A 0.28100 C 0.21900 G 0.21900 T 0.28100 

MOTIF bZIP_tnt.bZIP48_col_a_m1 MEME

letter-probability matrix: alength= 4 w= 14 nsites= 453 E= 9.1e-1334
  0.015453	  0.008830	  0.724062	  0.251656	
  0.185430	  0.814570	  0.000000	  0.000000	
  0.000000	  0.997792	  0.000000	  0.002208	
  1.000000	  0.000000	  0.000000	  0.000000	
  0.002208	  0.991170	  0.000000	  0.006623	
  0.008830	  0.002208	  0.988962	  0.000000	
  0.000000	  0.002208	  0.000000	  0.997792	
  0.079470	  0.920530	  0.000000	  0.000000	
  0.955850	  0.000000	  0.035320	  0.008830	
  0.011038	  0.052980	  0.704194	  0.231788	
  0.116998	  0.847682	  0.006623	  0.028698	
  0.615894	  0.075055	  0.072848	  0.236203	
  0.286976	  0.169978	  0.158940	  0.384106	
  0.269316	  0.320088	  0.101545	  0.309051	

