MEME version 4.4

ALPHABET= ACGT

strands: + -

Background letter frequencies (from /mnt/thumper-e1/home/shhuang/projects/dap/analysis.v4/gem07_rep_memechip03/MYBrelated_tnt/At5g58900_col_a/background):
A 0.32900 C 0.17100 G 0.17100 T 0.32900 

MOTIF MYBrelated_tnt.At5g58900_col_a_m1 MEME

letter-probability matrix: alength= 4 w= 15 nsites= 580 E= 1.1e-702
  0.424138	  0.046552	  0.043103	  0.486207	
  0.322414	  0.112069	  0.244828	  0.320690	
  0.375862	  0.081034	  0.098276	  0.444828	
  0.394828	  0.012069	  0.539655	  0.053448	
  0.000000	  0.000000	  0.991379	  0.008621	
  1.000000	  0.000000	  0.000000	  0.000000	
  0.000000	  0.000000	  0.000000	  1.000000	
  0.998276	  0.000000	  0.000000	  0.001724	
  0.996552	  0.000000	  0.001724	  0.001724	
  0.043103	  0.091379	  0.763793	  0.101724	
  0.389655	  0.062069	  0.446552	  0.101724	
  0.268966	  0.106897	  0.070690	  0.553448	
  0.263793	  0.094828	  0.112069	  0.529310	
  0.400000	  0.091379	  0.186207	  0.322414	
  0.324138	  0.108621	  0.225862	  0.341379	

