MEME version 4.4

ALPHABET= ACGT

strands: + -

Background letter frequencies (from /mnt/thumper-e1/home/shhuang/projects/dap/analysis.v4/gem07_rep_memechip03/bZIP_tnt/bZIP16_col_v3a/background):
A 0.29600 C 0.20400 G 0.20400 T 0.29600 

MOTIF bZIP_tnt.bZIP16_col_v3a_m1 MEME

letter-probability matrix: alength= 4 w= 15 nsites= 594 E= 5.3e-1678
  0.345118	  0.117845	  0.269360	  0.267677	
  0.382155	  0.087542	  0.195286	  0.335017	
  0.306397	  0.101010	  0.126263	  0.466330	
  0.087542	  0.047138	  0.562290	  0.303030	
  0.163300	  0.292929	  0.427609	  0.116162	
  0.244108	  0.286195	  0.000000	  0.469697	
  0.000000	  0.508418	  0.446128	  0.045455	
  1.000000	  0.000000	  0.000000	  0.000000	
  0.000000	  0.986532	  0.011785	  0.001684	
  0.000000	  0.011785	  0.988215	  0.000000	
  0.000000	  0.000000	  0.000000	  1.000000	
  0.000000	  0.000000	  1.000000	  0.000000	
  0.000000	  0.000000	  0.890572	  0.109428	
  0.055556	  0.944444	  0.000000	  0.000000	
  0.781145	  0.037037	  0.158249	  0.023569	

