MEME version 4.4

ALPHABET= ACGT

strands: + -

Background letter frequencies (from /mnt/thumper-e1/home/shhuang/projects/dap/analysis.v4/gem07_rep_memechip03/AP2EREBP_tnt/ERF73_colamp_a/background):
A 0.25000 C 0.25000 G 0.25000 T 0.25000 

MOTIF AP2EREBP_tnt.ERF73_colamp_a_m1 MEME

letter-probability matrix: alength= 4 w= 21 nsites= 176 E= 3.1e-443
  0.414773	  0.034091	  0.414773	  0.136364	
  0.079545	  0.352273	  0.051136	  0.517045	
  0.039773	  0.011364	  0.835227	  0.113636	
  0.079545	  0.005682	  0.914773	  0.000000	
  0.011364	  0.988636	  0.000000	  0.000000	
  0.005682	  0.000000	  0.994318	  0.000000	
  0.000000	  0.000000	  0.994318	  0.005682	
  0.000000	  0.994318	  0.000000	  0.005682	
  0.000000	  0.011364	  0.954545	  0.034091	
  0.051136	  0.119318	  0.812500	  0.017045	
  0.357955	  0.375000	  0.022727	  0.244318	
  0.125000	  0.022727	  0.732955	  0.119318	
  0.295455	  0.107955	  0.500000	  0.096591	
  0.198864	  0.375000	  0.187500	  0.238636	
  0.159091	  0.039773	  0.625000	  0.176136	
  0.113636	  0.119318	  0.630682	  0.136364	
  0.244318	  0.409091	  0.107955	  0.238636	
  0.170455	  0.079545	  0.590909	  0.159091	
  0.170455	  0.096591	  0.607955	  0.125000	
  0.255682	  0.323864	  0.136364	  0.284091	
  0.227273	  0.113636	  0.511364	  0.147727	

