MEME version 4.4

ALPHABET= ACGT

strands: + -

Background letter frequencies (from /mnt/thumper-e1/home/shhuang/projects/dap/analysis.v4/gem07_rep_memechip03/AP2EREBP_tnt/At1g19210_colamp_a/background):
A 0.27300 C 0.22700 G 0.22700 T 0.27300 

MOTIF AP2EREBP_tnt.At1g19210_colamp_a_m1 MEME

letter-probability matrix: alength= 4 w= 15 nsites= 594 E= 2.1e-682
  0.260943	  0.348485	  0.171717	  0.218855	
  0.351852	  0.202020	  0.190236	  0.255892	
  0.247475	  0.237374	  0.163300	  0.351852	
  0.291246	  0.370370	  0.084175	  0.254209	
  0.304714	  0.154882	  0.223906	  0.316498	
  0.178451	  0.350168	  0.143098	  0.328283	
  0.146465	  0.690236	  0.043771	  0.119529	
  0.675084	  0.000000	  0.227273	  0.097643	
  0.000000	  1.000000	  0.000000	  0.000000	
  0.001684	  0.998316	  0.000000	  0.000000	
  0.000000	  0.000000	  1.000000	  0.000000	
  0.430976	  0.035354	  0.094276	  0.439394	
  0.000000	  1.000000	  0.000000	  0.000000	
  0.271044	  0.604377	  0.040404	  0.084175	
  0.587542	  0.104377	  0.075758	  0.232323	

