MEME version 4.4

ALPHABET= ACGT

strands: + -

Background letter frequencies (from /mnt/thumper-e1/home/shhuang/projects/dap/analysis.v4/gem07_rep_memechip03/MYB_tnt/MYB77_colamp_a/background):
A 0.31700 C 0.18300 G 0.18300 T 0.31700 

MOTIF MYB_tnt.MYB77_colamp_a_m1 MEME

letter-probability matrix: alength= 4 w= 20 nsites= 95 E= 1.2e-212
  0.063158	  0.357895	  0.284211	  0.294737	
  0.105263	  0.042105	  0.452632	  0.400000	
  0.042105	  0.010526	  0.189474	  0.757895	
  0.305263	  0.000000	  0.052632	  0.642105	
  0.347368	  0.010526	  0.157895	  0.484211	
  0.263158	  0.000000	  0.463158	  0.273684	
  0.663158	  0.073684	  0.010526	  0.252632	
  0.168421	  0.031579	  0.021053	  0.778947	
  0.736842	  0.178947	  0.052632	  0.031579	
  0.042105	  0.726316	  0.231579	  0.000000	
  0.126316	  0.000000	  0.789474	  0.084211	
  0.084211	  0.042105	  0.873684	  0.000000	
  0.000000	  0.000000	  0.052632	  0.947368	
  0.021053	  0.000000	  0.010526	  0.968421	
  0.694737	  0.031579	  0.200000	  0.073684	
  0.052632	  0.736842	  0.042105	  0.168421	
  0.105263	  0.021053	  0.800000	  0.073684	
  0.052632	  0.010526	  0.884211	  0.052632	
  0.147368	  0.042105	  0.031579	  0.778947	
  0.052632	  0.042105	  0.157895	  0.747368	

