MEME version 4.4

ALPHABET= ACGT

strands: + -

Background letter frequencies (from /mnt/thumper-e1/home/shhuang/projects/dap/analysis.v4/gem07_rep_memechip03/bHLH_tnt/bHLH69_col_a/background):
A 0.27400 C 0.22600 G 0.22600 T 0.27400 

MOTIF bHLH_tnt.bHLH69_col_a_m1 MEME

letter-probability matrix: alength= 4 w= 15 nsites= 34 E= 5.4e-058
  0.029412	  0.794118	  0.147059	  0.029412	
  0.176471	  0.029412	  0.676471	  0.117647	
  0.088235	  0.058824	  0.147059	  0.705882	
  0.147059	  0.029412	  0.735294	  0.088235	
  0.176471	  0.264706	  0.235294	  0.323529	
  0.000000	  0.147059	  0.382353	  0.470588	
  0.264706	  0.205882	  0.058824	  0.470588	
  0.000000	  0.294118	  0.382353	  0.323529	
  0.117647	  0.235294	  0.529412	  0.117647	
  0.000000	  1.000000	  0.000000	  0.000000	
  1.000000	  0.000000	  0.000000	  0.000000	
  0.000000	  1.000000	  0.000000	  0.000000	
  0.029412	  0.000000	  0.970588	  0.000000	
  0.000000	  0.000000	  0.000000	  1.000000	
  0.000000	  0.029412	  0.970588	  0.000000	

