MEME version 4.4

ALPHABET= ACGT

strands: + -

Background letter frequencies (from /mnt/thumper-e1/home/shhuang/projects/dap/analysis.v4/gem07_rep_memechip03/MYB_tnt/MYB30_colamp_a/background):
A 0.30500 C 0.19500 G 0.19500 T 0.30500 

MOTIF MYB_tnt.MYB30_colamp_a_m1 MEME

letter-probability matrix: alength= 4 w= 15 nsites= 592 E= 2.4e-825
  0.305743	  0.347973	  0.101351	  0.244932	
  0.626689	  0.152027	  0.057432	  0.163851	
  0.430743	  0.319257	  0.057432	  0.192568	
  0.065878	  0.565878	  0.084459	  0.283784	
  0.125000	  0.339527	  0.070946	  0.464527	
  0.366554	  0.375000	  0.116554	  0.141892	
  0.064189	  0.751689	  0.021959	  0.162162	
  0.005068	  0.834459	  0.000000	  0.160473	
  1.000000	  0.000000	  0.000000	  0.000000	
  0.788851	  0.209459	  0.000000	  0.001689	
  0.000000	  1.000000	  0.000000	  0.000000	
  0.096284	  0.420608	  0.003378	  0.479730	
  0.849662	  0.000000	  0.141892	  0.008446	
  0.290541	  0.567568	  0.033784	  0.108108	
  0.160473	  0.559122	  0.000000	  0.280405	

