MEME version 4.4

ALPHABET= ACGT

strands: + -

Background letter frequencies (from /mnt/thumper-e1/home/shhuang/projects/dap/analysis.v4/gem07_rep_memechip03/NAC_tnt/ATAF1_col_a/background):
A 0.30700 C 0.19300 G 0.19300 T 0.30700 

MOTIF NAC_tnt.ATAF1_col_a_m1 MEME

letter-probability matrix: alength= 4 w= 22 nsites= 595 E= 3.8e-529
  0.115966	  0.018487	  0.386555	  0.478992	
  0.566387	  0.198319	  0.173109	  0.062185	
  0.000000	  0.996639	  0.003361	  0.000000	
  0.011765	  0.001681	  0.969748	  0.016807	
  0.011765	  0.000000	  0.003361	  0.984874	
  0.354622	  0.018487	  0.611765	  0.015126	
  0.347899	  0.131092	  0.072269	  0.448739	
  0.324370	  0.213445	  0.169748	  0.292437	
  0.240336	  0.242017	  0.255462	  0.262185	
  0.349580	  0.183193	  0.268908	  0.198319	
  0.556303	  0.058824	  0.144538	  0.240336	
  0.205042	  0.304202	  0.124370	  0.366387	
  0.357983	  0.104202	  0.010084	  0.527731	
  0.161345	  0.326050	  0.077311	  0.435294	
  0.102521	  0.053782	  0.636975	  0.206723	
  0.216807	  0.191597	  0.267227	  0.324370	
  0.299160	  0.433613	  0.035294	  0.231933	
  0.324370	  0.201681	  0.068908	  0.405042	
  0.376471	  0.119328	  0.065546	  0.438655	
  0.095798	  0.546218	  0.122689	  0.235294	
  0.141176	  0.245378	  0.149580	  0.463866	
  0.236975	  0.114286	  0.220168	  0.428571	

