MEME version 4.4

ALPHABET= ACGT

strands: + -

Background letter frequencies (from /mnt/thumper-e1/home/shhuang/projects/dap/analysis.v4/gem07_rep_memechip03/MYB_tnt/MYB30_col_a/background):
A 0.29500 C 0.20500 G 0.20500 T 0.29500 

MOTIF MYB_tnt.MYB30_col_a_m1 MEME

letter-probability matrix: alength= 4 w= 15 nsites= 594 E= 3.6e-800
  0.153199	  0.306397	  0.195286	  0.345118	
  0.141414	  0.356902	  0.084175	  0.417508	
  0.260943	  0.439394	  0.067340	  0.232323	
  0.180135	  0.537037	  0.067340	  0.215488	
  0.011785	  0.843434	  0.000000	  0.144781	
  0.983165	  0.015152	  0.000000	  0.001684	
  0.880471	  0.102694	  0.003367	  0.013468	
  0.000000	  1.000000	  0.000000	  0.000000	
  0.062290	  0.525253	  0.021886	  0.390572	
  0.764310	  0.011785	  0.173401	  0.050505	
  0.166667	  0.744108	  0.000000	  0.089226	
  0.085859	  0.681818	  0.000000	  0.232323	
  0.616162	  0.079125	  0.057239	  0.247475	
  0.402357	  0.383838	  0.045455	  0.168350	
  0.161616	  0.612795	  0.045455	  0.180135	

