MEME version 4.4

ALPHABET= ACGT

strands: + -

Background letter frequencies (from /mnt/thumper-e1/home/shhuang/projects/dap/analysis.v4/gem07_rep_memechip03/SRS_tnt/SRS7_colamp_a/background):
A 0.31900 C 0.18100 G 0.18100 T 0.31900 

MOTIF SRS_tnt.SRS7_colamp_a_m1 MEME

letter-probability matrix: alength= 4 w= 30 nsites= 35 E= 7.0e-271
  0.028571	  0.857143	  0.000000	  0.114286	
  0.085714	  0.885714	  0.000000	  0.028571	
  0.028571	  0.942857	  0.000000	  0.028571	
  0.028571	  0.028571	  0.085714	  0.857143	
  0.971429	  0.000000	  0.000000	  0.028571	
  0.885714	  0.000000	  0.000000	  0.114286	
  0.971429	  0.000000	  0.000000	  0.028571	
  0.028571	  0.914286	  0.057143	  0.000000	
  0.028571	  0.914286	  0.000000	  0.057143	
  0.028571	  0.885714	  0.028571	  0.057143	
  0.000000	  0.000000	  0.000000	  1.000000	
  0.914286	  0.000000	  0.028571	  0.057143	
  0.800000	  0.000000	  0.114286	  0.085714	
  0.857143	  0.057143	  0.000000	  0.085714	
  0.057143	  0.771429	  0.057143	  0.114286	
  0.085714	  0.857143	  0.000000	  0.057143	
  0.000000	  0.914286	  0.057143	  0.028571	
  0.028571	  0.000000	  0.000000	  0.971429	
  0.971429	  0.028571	  0.000000	  0.000000	
  0.685714	  0.057143	  0.085714	  0.171429	
  0.914286	  0.057143	  0.000000	  0.028571	
  0.057143	  0.914286	  0.000000	  0.028571	
  0.000000	  1.000000	  0.000000	  0.000000	
  0.000000	  0.942857	  0.000000	  0.057143	
  0.085714	  0.000000	  0.000000	  0.914286	
  1.000000	  0.000000	  0.000000	  0.000000	
  0.885714	  0.000000	  0.028571	  0.085714	
  0.828571	  0.142857	  0.028571	  0.000000	
  0.057143	  0.600000	  0.114286	  0.228571	
  0.085714	  0.828571	  0.000000	  0.085714	

