MEME version 4.4

ALPHABET= ACGT

strands: + -

Background letter frequencies (from /mnt/thumper-e1/home/shhuang/projects/dap/analysis.v4/gem07_rep_memechip03/NAC_tnt/NAC2_colamp_a/background):
A 0.30800 C 0.19200 G 0.19200 T 0.30800 

MOTIF NAC_tnt.NAC2_colamp_a_m1 MEME

letter-probability matrix: alength= 4 w= 16 nsites= 599 E= 9.8e-1651
  0.013356	  0.983306	  0.001669	  0.001669	
  0.000000	  0.005008	  0.245409	  0.749583	
  0.000000	  0.001669	  0.000000	  0.998331	
  0.113523	  0.111853	  0.761269	  0.013356	
  0.173623	  0.218698	  0.043406	  0.564274	
  0.143573	  0.195326	  0.228715	  0.432387	
  0.195326	  0.288815	  0.283806	  0.232053	
  0.205342	  0.387312	  0.120200	  0.287145	
  0.350584	  0.260434	  0.258765	  0.130217	
  0.003339	  0.976628	  0.008347	  0.011686	
  1.000000	  0.000000	  0.000000	  0.000000	
  0.938230	  0.061770	  0.000000	  0.000000	
  0.000000	  0.000000	  1.000000	  0.000000	
  0.542571	  0.163606	  0.110184	  0.183639	
  0.759599	  0.156928	  0.000000	  0.083472	
  0.966611	  0.000000	  0.000000	  0.033389	

