MEME version 4.4

ALPHABET= ACGT

strands: + -

Background letter frequencies (from /mnt/thumper-e1/home/shhuang/projects/dap/analysis.v4/gem07_rep_memechip03/CPP_tnt/AT2G20110_colamp_a/background):
A 0.37700 C 0.12300 G 0.12300 T 0.37700 

MOTIF CPP_tnt.AT2G20110_colamp_a_m1 MEME

letter-probability matrix: alength= 4 w= 15 nsites= 600 E= 2.3e-504
  0.441667	  0.135000	  0.193333	  0.230000	
  0.540000	  0.015000	  0.163333	  0.281667	
  0.000000	  0.000000	  0.000000	  1.000000	
  0.000000	  0.000000	  0.000000	  1.000000	
  0.000000	  0.201667	  0.000000	  0.798333	
  0.470000	  0.000000	  0.530000	  0.000000	
  0.998333	  0.000000	  0.000000	  0.001667	
  0.996667	  0.001667	  0.001667	  0.000000	
  0.183333	  0.040000	  0.000000	  0.776667	
  0.153333	  0.030000	  0.010000	  0.806667	
  0.010000	  0.131667	  0.026667	  0.831667	
  0.240000	  0.136667	  0.260000	  0.363333	
  0.511667	  0.076667	  0.183333	  0.228333	
  0.625000	  0.000000	  0.135000	  0.240000	
  0.508333	  0.063333	  0.053333	  0.375000	

