MEME version 4.4

ALPHABET= ACGT

strands: + -

Background letter frequencies (from /mnt/thumper-e1/home/shhuang/projects/dap/analysis.v4/gem07_rep_memechip03/ARID_tnt/AT2G17410_col_a/background):
A 0.37600 C 0.12400 G 0.12400 T 0.37600 

MOTIF ARID_tnt.AT2G17410_col_a_m1 MEME

letter-probability matrix: alength= 4 w= 15 nsites= 454 E= 1.4e-155
  0.702643	  0.063877	  0.107930	  0.125551	
  0.713656	  0.090308	  0.041850	  0.154185	
  0.563877	  0.063877	  0.013216	  0.359031	
  0.268722	  0.057269	  0.044053	  0.629956	
  0.220264	  0.196035	  0.066079	  0.517621	
  0.381057	  0.158590	  0.275330	  0.185022	
  0.797357	  0.070485	  0.000000	  0.132159	
  0.975771	  0.006608	  0.017621	  0.000000	
  0.980176	  0.000000	  0.000000	  0.019824	
  0.000000	  0.000000	  0.000000	  1.000000	
  0.000000	  0.262115	  0.000000	  0.737885	
  0.775330	  0.000000	  0.224670	  0.000000	
  0.933921	  0.011013	  0.055066	  0.000000	
  0.535242	  0.000000	  0.022026	  0.442731	
  0.268722	  0.030837	  0.017621	  0.682819	

