MEME version 4.4

ALPHABET= ACGT

strands: + -

Background letter frequencies (from /mnt/thumper-e1/home/shhuang/projects/dap/analysis.v4/gem07_rep_memechip03/LOBAS2_tnt/ASL18_col_a/background):
A 0.27400 C 0.22600 G 0.22600 T 0.27400 

MOTIF LOBAS2_tnt.ASL18_col_a_m1 MEME

letter-probability matrix: alength= 4 w= 15 nsites= 573 E= 3.4e-626
  0.073298	  0.636998	  0.230366	  0.059337	
  0.048866	  0.940663	  0.010471	  0.000000	
  0.047120	  0.130890	  0.678883	  0.143106	
  0.094241	  0.092496	  0.668412	  0.144852	
  0.734729	  0.013962	  0.162304	  0.089005	
  0.746946	  0.000000	  0.178010	  0.075044	
  0.806283	  0.020942	  0.104712	  0.068063	
  0.647469	  0.068063	  0.015707	  0.268761	
  0.178010	  0.207679	  0.134380	  0.479930	
  0.211169	  0.547993	  0.155323	  0.085515	
  0.116928	  0.673647	  0.038394	  0.171030	
  0.003490	  0.010471	  0.956370	  0.029668	
  0.012216	  0.230366	  0.710297	  0.047120	
  0.467714	  0.324607	  0.082024	  0.125654	
  0.324607	  0.034904	  0.509599	  0.130890	

