MEME version 4.4

ALPHABET= ACGT

strands: + -

Background letter frequencies (from /mnt/thumper-e1/home/shhuang/projects/dap/analysis.v4/gem07_rep_memechip03/bHLH_tnt/bHLH157_col_a/background):
A 0.31400 C 0.18600 G 0.18600 T 0.31400 

MOTIF bHLH_tnt.bHLH157_col_a_m1 MEME

letter-probability matrix: alength= 4 w= 20 nsites= 296 E= 9.5e-168
  0.344595	  0.260135	  0.128378	  0.266892	
  0.277027	  0.472973	  0.141892	  0.108108	
  0.540541	  0.091216	  0.141892	  0.226351	
  0.550676	  0.067568	  0.195946	  0.185811	
  0.371622	  0.172297	  0.182432	  0.273649	
  0.219595	  0.145270	  0.057432	  0.577703	
  0.233108	  0.273649	  0.114865	  0.378378	
  0.250000	  0.256757	  0.260135	  0.233108	
  0.310811	  0.138514	  0.253378	  0.297297	
  0.439189	  0.131757	  0.128378	  0.300676	
  0.077703	  0.614865	  0.013514	  0.293919	
  1.000000	  0.000000	  0.000000	  0.000000	
  0.000000	  1.000000	  0.000000	  0.000000	
  0.000000	  0.000000	  0.966216	  0.033784	
  0.037162	  0.050676	  0.081081	  0.831081	
  0.175676	  0.635135	  0.020270	  0.168919	
  0.334459	  0.023649	  0.000000	  0.641892	
  0.060811	  0.628378	  0.087838	  0.222973	
  0.111486	  0.277027	  0.067568	  0.543919	
  0.179054	  0.189189	  0.222973	  0.408784	

