MEME version 4.4

ALPHABET= ACGT

strands: + -

Background letter frequencies (from /mnt/thumper-e1/home/shhuang/projects/dap/analysis.v4/gem07_rep_memechip03/MYBrelated_tnt/At1g74840_colamp_a/background):
A 0.33800 C 0.16200 G 0.16200 T 0.33800 

MOTIF MYBrelated_tnt.At1g74840_colamp_a_m1 MEME

letter-probability matrix: alength= 4 w= 14 nsites= 585 E= 3.9e-858
  0.470085	  0.148718	  0.117949	  0.263248	
  0.429060	  0.068376	  0.141880	  0.360684	
  0.160684	  0.360684	  0.153846	  0.324786	
  0.242735	  0.353846	  0.123077	  0.280342	
  0.042735	  0.027350	  0.001709	  0.928205	
  0.000000	  0.000000	  0.000000	  1.000000	
  1.000000	  0.000000	  0.000000	  0.000000	
  0.000000	  0.000000	  0.000000	  1.000000	
  0.000000	  1.000000	  0.000000	  0.000000	
  0.000000	  0.984615	  0.000000	  0.015385	
  0.820513	  0.003419	  0.111111	  0.064957	
  0.319658	  0.174359	  0.047863	  0.458120	
  0.427350	  0.023932	  0.017094	  0.531624	
  0.406838	  0.095726	  0.029060	  0.468376	

