MEME version 4.4

ALPHABET= ACGT

strands: + -

Background letter frequencies (from /mnt/thumper-e1/home/shhuang/projects/dap/analysis.v4/gem07_rep_memechip03/bZIP_tnt/TGA6_colamp_a/background):
A 0.29000 C 0.21000 G 0.21000 T 0.29000 

MOTIF bZIP_tnt.TGA6_colamp_a_m1 MEME

letter-probability matrix: alength= 4 w= 15 nsites= 583 E= 1.1e-1545
  0.334477	  0.133791	  0.332762	  0.198971	
  0.495712	  0.101201	  0.372213	  0.030875	
  0.000000	  0.000000	  0.000000	  1.000000	
  0.003431	  0.000000	  0.984563	  0.012007	
  0.991424	  0.000000	  0.003431	  0.005146	
  0.000000	  0.974271	  0.001715	  0.024014	
  0.060034	  0.000000	  0.939966	  0.000000	
  0.006861	  0.000000	  0.000000	  0.993139	
  0.126930	  0.864494	  0.008576	  0.000000	
  0.975986	  0.000000	  0.008576	  0.015437	
  0.000000	  0.123499	  0.358491	  0.518010	
  0.097770	  0.696398	  0.096055	  0.109777	
  0.528302	  0.078902	  0.178388	  0.214408	
  0.260720	  0.125214	  0.144082	  0.469983	
  0.210978	  0.331046	  0.132075	  0.325901	

