MEME version 4.4

ALPHABET= ACGT

strands: + -

Background letter frequencies (from /mnt/thumper-e1/home/shhuang/projects/dap/analysis.v4/gem07_rep_memechip03/WRKY_tnt/WRKY43_col_a/background):
A 0.29700 C 0.20300 G 0.20300 T 0.29700 

MOTIF WRKY_tnt.WRKY43_col_a_m1 MEME

letter-probability matrix: alength= 4 w= 14 nsites= 506 E= 1.2e-875
  0.280632	  0.128458	  0.326087	  0.264822	
  0.207510	  0.237154	  0.235178	  0.320158	
  0.073123	  0.709486	  0.083004	  0.134387	
  0.049407	  0.011858	  0.764822	  0.173913	
  0.000000	  0.000000	  0.000000	  1.000000	
  0.000000	  0.000000	  0.000000	  1.000000	
  0.000000	  0.000000	  1.000000	  0.000000	
  0.954545	  0.000000	  0.045455	  0.000000	
  0.000000	  1.000000	  0.000000	  0.000000	
  0.000000	  0.177866	  0.000000	  0.822134	
  0.144269	  0.043478	  0.075099	  0.737154	
  0.100791	  0.098814	  0.059289	  0.741107	
  0.166008	  0.142292	  0.185771	  0.505929	
  0.179842	  0.187747	  0.207510	  0.424901	

