MEME version 4.4

ALPHABET= ACGT

strands: + -

Background letter frequencies (from /mnt/thumper-e1/home/shhuang/projects/dap/analysis.v4/gem07_rep_memechip03/NAC_tnt/ANAC046_col/background):
A 0.30600 C 0.19400 G 0.19400 T 0.30600 

MOTIF NAC_tnt.ANAC046_col_m1 MEME

letter-probability matrix: alength= 4 w= 21 nsites= 576 E= 1.7e-1595
  0.157986	  0.003472	  0.001736	  0.836806	
  0.470486	  0.001736	  0.194444	  0.333333	
  0.574653	  0.100694	  0.262153	  0.062500	
  0.015625	  0.984375	  0.000000	  0.000000	
  0.000000	  0.000000	  0.690972	  0.309028	
  0.000000	  0.000000	  0.000000	  1.000000	
  0.206597	  0.026042	  0.762153	  0.005208	
  0.232639	  0.182292	  0.038194	  0.546875	
  0.348958	  0.149306	  0.286458	  0.215278	
  0.274306	  0.184028	  0.307292	  0.234375	
  0.324653	  0.256944	  0.217014	  0.201389	
  0.682292	  0.045139	  0.149306	  0.123264	
  0.008681	  0.706597	  0.154514	  0.130208	
  0.998264	  0.000000	  0.001736	  0.000000	
  0.612847	  0.383681	  0.001736	  0.001736	
  0.001736	  0.000000	  0.991319	  0.006944	
  0.246528	  0.276042	  0.144097	  0.333333	
  0.621528	  0.118056	  0.027778	  0.232639	
  0.975694	  0.000000	  0.000000	  0.024306	
  0.255208	  0.312500	  0.159722	  0.272569	
  0.166667	  0.454861	  0.147569	  0.230903	

