MEME version 4.4

ALPHABET= ACGT

strands: + -

Background letter frequencies (from /mnt/thumper-e1/home/shhuang/projects/dap/analysis.v4/gem07_rep_memechip03/C2H2_tnt/At5g22890_col_a/background):
A 0.31300 C 0.18700 G 0.18700 T 0.31300 

MOTIF C2H2_tnt.At5g22890_col_a_m1 MEME

letter-probability matrix: alength= 4 w= 18 nsites= 228 E= 1.0e-316
  0.052632	  0.671053	  0.030702	  0.245614	
  0.864035	  0.043860	  0.065789	  0.026316	
  0.144737	  0.008772	  0.807018	  0.039474	
  0.763158	  0.000000	  0.105263	  0.131579	
  0.013158	  0.008772	  0.017544	  0.960526	
  0.894737	  0.013158	  0.092105	  0.000000	
  0.517544	  0.184211	  0.087719	  0.210526	
  0.359649	  0.434211	  0.092105	  0.114035	
  0.850877	  0.035088	  0.078947	  0.035088	
  0.109649	  0.850877	  0.000000	  0.039474	
  0.008772	  0.973684	  0.000000	  0.017544	
  0.000000	  0.026316	  0.008772	  0.964912	
  0.263158	  0.223684	  0.355263	  0.157895	
  0.241228	  0.478070	  0.109649	  0.171053	
  0.381579	  0.346491	  0.131579	  0.140351	
  0.223684	  0.407895	  0.065789	  0.302632	
  0.337719	  0.236842	  0.144737	  0.280702	
  0.399123	  0.070175	  0.197368	  0.333333	

