MEME version 4.4

ALPHABET= ACGT

strands: + -

Background letter frequencies (from /mnt/thumper-e1/home/shhuang/projects/dap/analysis.v4/gem07_rep_memechip03/Trihelix_tnt/AT5G47660_col_a/background):
A 0.33300 C 0.16700 G 0.16700 T 0.33300 

MOTIF Trihelix_tnt.AT5G47660_col_a_m1 MEME

letter-probability matrix: alength= 4 w= 15 nsites= 244 E= 5.9e-221
  0.303279	  0.073770	  0.053279	  0.569672	
  0.311475	  0.122951	  0.135246	  0.430328	
  0.262295	  0.299180	  0.057377	  0.381148	
  0.266393	  0.258197	  0.102459	  0.372951	
  0.278689	  0.086066	  0.188525	  0.446721	
  0.081967	  0.032787	  0.102459	  0.782787	
  0.180328	  0.004098	  0.000000	  0.815574	
  0.024590	  0.061475	  0.040984	  0.872951	
  0.000000	  0.000000	  0.000000	  1.000000	
  0.290984	  0.032787	  0.000000	  0.676230	
  1.000000	  0.000000	  0.000000	  0.000000	
  0.000000	  1.000000	  0.000000	  0.000000	
  0.049180	  0.581967	  0.040984	  0.327869	
  0.094262	  0.098361	  0.692623	  0.114754	
  0.049180	  0.340164	  0.024590	  0.586066	

