MEME version 4.4

ALPHABET= ACGT

strands: + -

Background letter frequencies (from /mnt/thumper-e1/home/shhuang/projects/dap/analysis.v4/gem07_rep_memechip03/bZIP_tnt/ABF2_col_v3a/background):
A 0.29900 C 0.20100 G 0.20100 T 0.29900 

MOTIF bZIP_tnt.ABF2_col_v3a_m1 MEME

letter-probability matrix: alength= 4 w= 18 nsites= 595 E= 1.9e-1704
  0.347899	  0.132773	  0.263866	  0.255462	
  0.467227	  0.134454	  0.161345	  0.236975	
  0.445378	  0.072269	  0.131092	  0.351261	
  0.398319	  0.142857	  0.134454	  0.324370	
  0.309244	  0.231933	  0.184874	  0.273950	
  0.042017	  0.141176	  0.090756	  0.726050	
  0.001681	  0.000000	  0.952941	  0.045378	
  0.292437	  0.707563	  0.000000	  0.000000	
  0.000000	  1.000000	  0.000000	  0.000000	
  0.998319	  0.000000	  0.000000	  0.001681	
  0.000000	  1.000000	  0.000000	  0.000000	
  0.000000	  0.000000	  1.000000	  0.000000	
  0.000000	  0.000000	  0.000000	  1.000000	
  0.033613	  0.423529	  0.542857	  0.000000	
  0.440336	  0.000000	  0.154622	  0.405042	
  0.072269	  0.512605	  0.174790	  0.240336	
  0.218487	  0.638655	  0.048739	  0.094118	
  0.472269	  0.157983	  0.067227	  0.302521	

