MEME version 4.4

ALPHABET= ACGT

strands: + -

Background letter frequencies (from /mnt/thumper-e1/home/shhuang/projects/dap/analysis.v4/gem07_rep_memechip03/Orphan_tnt/AT1G24250_col_a/background):
A 0.32100 C 0.17900 G 0.17900 T 0.32100 

MOTIF Orphan_tnt.AT1G24250_col_a_m1 MEME

letter-probability matrix: alength= 4 w= 18 nsites= 467 E= 1.6e-815
  0.205567	  0.207709	  0.139186	  0.447537	
  0.209850	  0.370450	  0.074946	  0.344754	
  0.175589	  0.404711	  0.098501	  0.321199	
  0.064240	  0.659529	  0.021413	  0.254818	
  0.987152	  0.004283	  0.000000	  0.008565	
  0.749465	  0.175589	  0.021413	  0.053533	
  0.000000	  0.965739	  0.000000	  0.034261	
  0.167024	  0.214133	  0.019272	  0.599572	
  0.631692	  0.149893	  0.094218	  0.124197	
  0.139186	  0.734475	  0.057816	  0.068522	
  0.068522	  0.695931	  0.000000	  0.235546	
  0.937901	  0.006424	  0.006424	  0.049251	
  0.725910	  0.252677	  0.000000	  0.021413	
  0.019272	  0.965739	  0.012848	  0.002141	
  0.220557	  0.370450	  0.036403	  0.372591	
  0.723769	  0.055675	  0.175589	  0.044968	
  0.349036	  0.453961	  0.029979	  0.167024	
  0.284797	  0.376874	  0.010707	  0.327623	

