MEME version 4.4

ALPHABET= ACGT

strands: + -

Background letter frequencies (from /mnt/thumper-e1/home/shhuang/projects/dap/analysis.v4/gem07_rep_memechip03/C2C2YABBY_tnt/CRC_colamp_a/background):
A 0.34000 C 0.16000 G 0.16000 T 0.34000 

MOTIF C2C2YABBY_tnt.CRC_colamp_a_m1 MEME

letter-probability matrix: alength= 4 w= 30 nsites= 36 E= 5.5e-403
  0.027778	  0.972222	  0.000000	  0.000000	
  1.000000	  0.000000	  0.000000	  0.000000	
  1.000000	  0.000000	  0.000000	  0.000000	
  0.000000	  0.000000	  1.000000	  0.000000	
  0.000000	  0.000000	  0.000000	  1.000000	
  0.000000	  0.972222	  0.000000	  0.027778	
  1.000000	  0.000000	  0.000000	  0.000000	
  0.000000	  0.000000	  0.000000	  1.000000	
  1.000000	  0.000000	  0.000000	  0.000000	
  0.000000	  0.027778	  0.000000	  0.972222	
  0.000000	  0.000000	  0.000000	  1.000000	
  0.000000	  0.916667	  0.000000	  0.083333	
  0.000000	  0.027778	  0.944444	  0.027778	
  1.000000	  0.000000	  0.000000	  0.000000	
  0.000000	  1.000000	  0.000000	  0.000000	
  0.000000	  0.000000	  0.000000	  1.000000	
  0.000000	  0.944444	  0.000000	  0.055556	
  0.000000	  0.888889	  0.027778	  0.083333	
  0.972222	  0.000000	  0.027778	  0.000000	
  1.000000	  0.000000	  0.000000	  0.000000	
  1.000000	  0.000000	  0.000000	  0.000000	
  1.000000	  0.000000	  0.000000	  0.000000	
  0.027778	  0.972222	  0.000000	  0.000000	
  1.000000	  0.000000	  0.000000	  0.000000	
  0.000000	  1.000000	  0.000000	  0.000000	
  0.055556	  0.000000	  0.000000	  0.944444	
  1.000000	  0.000000	  0.000000	  0.000000	
  1.000000	  0.000000	  0.000000	  0.000000	
  0.000000	  1.000000	  0.000000	  0.000000	
  0.000000	  0.972222	  0.000000	  0.027778	

