MEME version 4.4

ALPHABET= ACGT

strands: + -

Background letter frequencies (from /mnt/thumper-e1/home/shhuang/projects/dap/analysis.v4/gem07_rep_memechip03/NAC_tnt/ANAC016_col_a/background):
A 0.28200 C 0.21800 G 0.21800 T 0.28200 

MOTIF NAC_tnt.ANAC016_col_a_m1 MEME

letter-probability matrix: alength= 4 w= 15 nsites= 597 E= 3.6e-1206
  0.000000	  0.998325	  0.000000	  0.001675	
  0.000000	  0.000000	  0.437186	  0.562814	
  0.000000	  0.000000	  0.000000	  1.000000	
  0.031826	  0.000000	  0.968174	  0.000000	
  0.199330	  0.311558	  0.303183	  0.185930	
  0.427136	  0.134003	  0.256281	  0.182580	
  0.149079	  0.152429	  0.472362	  0.226131	
  0.402010	  0.271357	  0.217755	  0.108878	
  0.420436	  0.145729	  0.201005	  0.232831	
  0.005025	  0.874372	  0.085427	  0.035176	
  1.000000	  0.000000	  0.000000	  0.000000	
  0.534338	  0.465662	  0.000000	  0.000000	
  0.003350	  0.000000	  0.966499	  0.030151	
  0.092127	  0.336683	  0.273032	  0.298157	
  0.594640	  0.211055	  0.001675	  0.192630	

