MEME version 4.4

ALPHABET= ACGT

strands: + -

Background letter frequencies (from /mnt/thumper-e1/home/shhuang/projects/dap/analysis.v4/gem07_rep_memechip03/NAC_tnt/ANAC057_colamp_a/background):
A 0.30000 C 0.20000 G 0.20000 T 0.30000 

MOTIF NAC_tnt.ANAC057_colamp_a_m1 MEME

letter-probability matrix: alength= 4 w= 21 nsites= 599 E= 4.0e-1750
  0.587646	  0.143573	  0.116861	  0.151920	
  0.100167	  0.071786	  0.761269	  0.066778	
  0.280467	  0.065109	  0.545910	  0.108514	
  0.048414	  0.000000	  0.000000	  0.951586	
  0.215359	  0.010017	  0.176962	  0.597663	
  0.365609	  0.116861	  0.400668	  0.116861	
  0.030050	  0.969950	  0.000000	  0.000000	
  0.000000	  0.000000	  0.432387	  0.567613	
  0.000000	  0.000000	  0.000000	  1.000000	
  0.080134	  0.061770	  0.858097	  0.000000	
  0.198664	  0.203673	  0.083472	  0.514190	
  0.327212	  0.110184	  0.272120	  0.290484	
  0.210351	  0.212020	  0.303840	  0.273790	
  0.257095	  0.293823	  0.175292	  0.273790	
  0.479132	  0.086811	  0.158598	  0.275459	
  0.011686	  0.779633	  0.123539	  0.085142	
  1.000000	  0.000000	  0.000000	  0.000000	
  0.687813	  0.312187	  0.000000	  0.000000	
  0.000000	  0.000000	  0.998331	  0.001669	
  0.148581	  0.328881	  0.136895	  0.385643	
  0.602671	  0.128548	  0.013356	  0.255426	

