MEME version 4.4

ALPHABET= ACGT

strands: + -

Background letter frequencies (from /mnt/thumper-e1/home/shhuang/projects/dap/analysis.v4/gem07_rep_memechip03/C2C2gata_tnt/ZML2_col_a/background):
A 0.30100 C 0.19900 G 0.19900 T 0.30100 

MOTIF C2C2gata_tnt.ZML2_col_a_m1 MEME

letter-probability matrix: alength= 4 w= 19 nsites= 201 E= 1.1e-933
  0.009950	  0.920398	  0.049751	  0.019900	
  0.925373	  0.044776	  0.029851	  0.000000	
  0.000000	  0.079602	  0.000000	  0.920398	
  0.000000	  0.940299	  0.024876	  0.034826	
  0.875622	  0.019900	  0.049751	  0.054726	
  0.000000	  0.009950	  0.014925	  0.975124	
  0.000000	  0.970149	  0.000000	  0.029851	
  0.845771	  0.094527	  0.024876	  0.034826	
  0.064677	  0.044776	  0.000000	  0.890547	
  0.004975	  0.935323	  0.000000	  0.059701	
  0.815920	  0.000000	  0.074627	  0.109453	
  0.039801	  0.064677	  0.059701	  0.835821	
  0.034826	  0.900498	  0.014925	  0.049751	
  0.805970	  0.000000	  0.064677	  0.129353	
  0.024876	  0.014925	  0.024876	  0.935323	
  0.049751	  0.880597	  0.064677	  0.004975	
  0.875622	  0.019900	  0.039801	  0.064677	
  0.109453	  0.099502	  0.019900	  0.771144	
  0.054726	  0.820896	  0.014925	  0.109453	

