MEME version 4.4

ALPHABET= ACGT

strands: + -

Background letter frequencies (from /mnt/thumper-e1/home/shhuang/projects/dap/analysis.v4/gem07_rep_memechip03/Trihelix_tnt/AT3G58630_col_a/background):
A 0.25300 C 0.24700 G 0.24700 T 0.25300 

MOTIF Trihelix_tnt.AT3G58630_col_a_m1 MEME

letter-probability matrix: alength= 4 w= 15 nsites= 555 E= 3.4e-877
  0.372973	  0.207207	  0.237838	  0.181982	
  0.360360	  0.252252	  0.115315	  0.272072	
  0.387387	  0.073874	  0.178378	  0.360360	
  0.207207	  0.113514	  0.104505	  0.574775	
  0.030631	  0.700901	  0.027027	  0.241441	
  0.077477	  0.028829	  0.100901	  0.792793	
  0.000000	  1.000000	  0.000000	  0.000000	
  0.000000	  1.000000	  0.000000	  0.000000	
  0.000000	  0.000000	  1.000000	  0.000000	
  0.021622	  0.000000	  0.949550	  0.028829	
  0.000000	  0.859459	  0.001802	  0.138739	
  0.113514	  0.045045	  0.803604	  0.037838	
  0.693694	  0.059459	  0.149550	  0.097297	
  0.232432	  0.363964	  0.216216	  0.187387	
  0.291892	  0.115315	  0.358559	  0.234234	

