MEME version 4.4

ALPHABET= ACGT

strands: + -

Background letter frequencies (from /mnt/thumper-e1/home/shhuang/projects/dap/analysis.v4/gem07_rep_memechip03/ZFHD_tnt/ATHB33_colamp_a/background):
A 0.35600 C 0.14400 G 0.14400 T 0.35600 

MOTIF ZFHD_tnt.ATHB33_colamp_a_m1 MEME

letter-probability matrix: alength= 4 w= 15 nsites= 585 E= 3.5e-324
  0.480342	  0.078632	  0.059829	  0.381197	
  0.548718	  0.121368	  0.078632	  0.251282	
  0.494017	  0.112821	  0.094017	  0.299145	
  0.391453	  0.167521	  0.147009	  0.294017	
  0.376068	  0.215385	  0.174359	  0.234188	
  0.251282	  0.307692	  0.177778	  0.263248	
  0.388034	  0.051282	  0.434188	  0.126496	
  0.000000	  0.023932	  0.000000	  0.976068	
  0.565812	  0.123077	  0.311111	  0.000000	
  0.991453	  0.000000	  0.008547	  0.000000	
  0.000000	  0.000000	  0.000000	  1.000000	
  0.000000	  0.000000	  0.000000	  1.000000	
  1.000000	  0.000000	  0.000000	  0.000000	
  0.601709	  0.037607	  0.331624	  0.029060	
  0.071795	  0.261538	  0.234188	  0.432479	

