MEME version 4.4

ALPHABET= ACGT

strands: + -

Background letter frequencies (from /mnt/thumper-e1/home/shhuang/projects/dap/analysis.v4/gem07_rep_memechip03/NAC_tnt/ANAC087_col_v3a/background):
A 0.30500 C 0.19500 G 0.19500 T 0.30500 

MOTIF NAC_tnt.ANAC087_col_v3a_m1 MEME

letter-probability matrix: alength= 4 w= 19 nsites= 575 E= 1.2e-1534
  0.147826	  0.003478	  0.001739	  0.846957	
  0.417391	  0.008696	  0.175652	  0.398261	
  0.537391	  0.102609	  0.283478	  0.076522	
  0.019130	  0.980870	  0.000000	  0.000000	
  0.000000	  0.000000	  0.721739	  0.278261	
  0.000000	  0.000000	  0.000000	  1.000000	
  0.212174	  0.010435	  0.777391	  0.000000	
  0.198261	  0.194783	  0.040000	  0.566957	
  0.320000	  0.165217	  0.307826	  0.206957	
  0.281739	  0.163478	  0.314783	  0.240000	
  0.323478	  0.250435	  0.194783	  0.231304	
  0.653913	  0.038261	  0.135652	  0.172174	
  0.017391	  0.693913	  0.158261	  0.130435	
  0.989565	  0.000000	  0.001739	  0.008696	
  0.669565	  0.330435	  0.000000	  0.000000	
  0.000000	  0.000000	  0.996522	  0.003478	
  0.238261	  0.245217	  0.142609	  0.373913	
  0.606957	  0.126957	  0.015652	  0.250435	
  0.965217	  0.000000	  0.000000	  0.034783	

