MEME version 4.4

ALPHABET= ACGT

strands: + -

Background letter frequencies (from /mnt/thumper-e1/home/shhuang/projects/dap/analysis.v4/gem07_rep_memechip03/C2H2_tnt/At5g66730_col/background):
A 0.33800 C 0.16200 G 0.16200 T 0.33800 

MOTIF C2H2_tnt.At5g66730_col_m1 MEME

letter-probability matrix: alength= 4 w= 17 nsites= 586 E= 4.8e-1465
  0.320819	  0.317406	  0.105802	  0.255973	
  0.598976	  0.097270	  0.206485	  0.097270	
  0.226962	  0.281570	  0.356655	  0.134812	
  0.691126	  0.017065	  0.073379	  0.218430	
  0.856655	  0.000000	  0.000000	  0.143345	
  0.687713	  0.042662	  0.127986	  0.141638	
  0.923208	  0.039249	  0.029010	  0.008532	
  0.278157	  0.593857	  0.100683	  0.027304	
  0.006826	  0.000000	  0.993174	  0.000000	
  1.000000	  0.000000	  0.000000	  0.000000	
  0.000000	  1.000000	  0.000000	  0.000000	
  0.986348	  0.000000	  0.013652	  0.000000	
  0.991468	  0.000000	  0.008532	  0.000000	
  0.953925	  0.013652	  0.029010	  0.003413	
  0.803754	  0.054608	  0.039249	  0.102389	
  0.522184	  0.146758	  0.116041	  0.215017	
  0.477816	  0.121160	  0.100683	  0.300341	

