MEME version 4.4

ALPHABET= ACGT

strands: + -

Background letter frequencies (from /mnt/thumper-e1/home/shhuang/projects/dap/analysis.v4/gem07_rep_memechip03/bHLH_tnt/bHLH34_colamp_a/background):
A 0.28200 C 0.21700 G 0.21700 T 0.28200 

MOTIF bHLH_tnt.bHLH34_colamp_a_m1 MEME

letter-probability matrix: alength= 4 w= 21 nsites= 573 E= 7.3e-1029
  0.260035	  0.174520	  0.148342	  0.417103	
  0.109948	  0.075044	  0.736475	  0.078534	
  0.376963	  0.108202	  0.378709	  0.136126	
  0.000000	  1.000000	  0.000000	  0.000000	
  0.884817	  0.006981	  0.097731	  0.010471	
  0.000000	  0.919721	  0.000000	  0.080279	
  0.000000	  0.000000	  1.000000	  0.000000	
  0.001745	  0.001745	  0.003490	  0.993019	
  0.001745	  0.000000	  0.998255	  0.000000	
  0.092496	  0.275742	  0.239092	  0.392670	
  0.258290	  0.342059	  0.136126	  0.263525	
  0.291449	  0.235602	  0.197208	  0.275742	
  0.247818	  0.158813	  0.275742	  0.317627	
  0.272251	  0.270506	  0.212914	  0.244328	
  0.155323	  0.582897	  0.085515	  0.176265	
  0.460733	  0.151832	  0.144852	  0.242583	
  0.136126	  0.490401	  0.193717	  0.179756	
  0.321117	  0.122164	  0.396161	  0.160558	
  0.139616	  0.265271	  0.230366	  0.364747	
  0.167539	  0.143106	  0.403141	  0.286213	
  0.197208	  0.356021	  0.183246	  0.263525	

