MEME version 4.4

ALPHABET= ACGT

strands: + -

Background letter frequencies (from /mnt/thumper-e1/home/shhuang/projects/dap/analysis.v4/gem07_rep_memechip03/C2H2_tnt/AT3G46070_col_a/background):
A 0.30300 C 0.19700 G 0.19700 T 0.30300 

MOTIF C2H2_tnt.AT3G46070_col_a_m1 MEME

letter-probability matrix: alength= 4 w= 15 nsites= 202 E= 2.8e-176
  0.222772	  0.262376	  0.069307	  0.445545	
  0.133663	  0.450495	  0.074257	  0.341584	
  0.386139	  0.232673	  0.039604	  0.341584	
  0.311881	  0.272277	  0.079208	  0.336634	
  0.089109	  0.391089	  0.069307	  0.450495	
  0.237624	  0.316832	  0.094059	  0.351485	
  0.044554	  0.000000	  0.000000	  0.955446	
  0.000000	  1.000000	  0.000000	  0.000000	
  0.990099	  0.000000	  0.000000	  0.009901	
  0.009901	  0.990099	  0.000000	  0.000000	
  0.000000	  0.000000	  0.000000	  1.000000	
  0.069307	  0.648515	  0.108911	  0.173267	
  0.207921	  0.217822	  0.049505	  0.524752	
  0.292079	  0.386139	  0.064356	  0.257426	
  0.311881	  0.321782	  0.079208	  0.287129	

