MEME version 4.4

ALPHABET= ACGT

strands: + -

Background letter frequencies (from /mnt/thumper-e1/home/shhuang/projects/dap/analysis.v4/gem07_rep_memechip03/G2like_tnt/At3g04030_colamp_a/background):
A 0.32600 C 0.17400 G 0.17400 T 0.32600 

MOTIF G2like_tnt.At3g04030_colamp_a_m1 MEME

letter-probability matrix: alength= 4 w= 15 nsites= 594 E= 1.1e-907
  0.457912	  0.170034	  0.265993	  0.106061	
  0.319865	  0.031987	  0.563973	  0.084175	
  0.873737	  0.031987	  0.006734	  0.087542	
  0.998316	  0.000000	  0.000000	  0.001684	
  0.000000	  0.000000	  0.407407	  0.592593	
  1.000000	  0.000000	  0.000000	  0.000000	
  0.000000	  0.000000	  0.000000	  1.000000	
  0.000000	  0.000000	  0.010101	  0.989899	
  0.000000	  1.000000	  0.000000	  0.000000	
  0.000000	  0.452862	  0.183502	  0.363636	
  0.235690	  0.259259	  0.114478	  0.390572	
  0.242424	  0.154882	  0.026936	  0.575758	
  0.203704	  0.158249	  0.131313	  0.506734	
  0.212121	  0.180135	  0.154882	  0.452862	
  0.227273	  0.203704	  0.148148	  0.420875	

