MEME version 4.4

ALPHABET= ACGT

strands: + -

Background letter frequencies (from /mnt/thumper-e1/home/shhuang/projects/dap/analysis.v4/gem07_rep_memechip03/C2H2_tnt/TF3A_col_a/background):
A 0.25800 C 0.24200 G 0.24200 T 0.25800 

MOTIF C2H2_tnt.TF3A_col_a_m1 MEME

letter-probability matrix: alength= 4 w= 19 nsites= 600 E= 2.0e-1680
  0.045000	  0.785000	  0.013333	  0.156667	
  0.085000	  0.566667	  0.041667	  0.306667	
  0.071667	  0.128333	  0.078333	  0.721667	
  0.041667	  0.798333	  0.008333	  0.151667	
  0.171667	  0.588333	  0.028333	  0.211667	
  0.088333	  0.108333	  0.028333	  0.775000	
  0.018333	  0.823333	  0.015000	  0.143333	
  0.153333	  0.671667	  0.008333	  0.166667	
  0.106667	  0.065000	  0.053333	  0.775000	
  0.053333	  0.825000	  0.018333	  0.103333	
  0.160000	  0.630000	  0.031667	  0.178333	
  0.121667	  0.046667	  0.015000	  0.816667	
  0.043333	  0.885000	  0.005000	  0.066667	
  0.130000	  0.696667	  0.015000	  0.158333	
  0.083333	  0.053333	  0.066667	  0.796667	
  0.041667	  0.826667	  0.013333	  0.118333	
  0.138333	  0.700000	  0.025000	  0.136667	
  0.178333	  0.048333	  0.056667	  0.716667	
  0.040000	  0.858333	  0.020000	  0.081667	

