MEME version 4.4

ALPHABET= ACGT

strands: + -

Background letter frequencies (from /mnt/thumper-e1/home/shhuang/projects/dap/analysis.v4/gem07_rep_memechip03/E2FDP_tnt/DEL1_col_a/background):
A 0.32800 C 0.17200 G 0.17200 T 0.32800 

MOTIF E2FDP_tnt.DEL1_col_a_m1 MEME

letter-probability matrix: alength= 4 w= 21 nsites= 326 E= 4.0e-1482
  0.423313	  0.220859	  0.141104	  0.214724	
  0.460123	  0.312883	  0.064417	  0.162577	
  0.404908	  0.239264	  0.052147	  0.303681	
  0.438650	  0.180982	  0.199387	  0.180982	
  0.441718	  0.131902	  0.088957	  0.337423	
  0.475460	  0.174847	  0.134969	  0.214724	
  0.558282	  0.064417	  0.110429	  0.266871	
  0.263804	  0.046012	  0.067485	  0.622699	
  0.073620	  0.039877	  0.030675	  0.855828	
  0.003067	  0.000000	  0.003067	  0.993865	
  0.003067	  0.000000	  0.000000	  0.996933	
  0.000000	  0.990798	  0.009202	  0.000000	
  0.000000	  0.990798	  0.009202	  0.000000	
  0.000000	  1.000000	  0.000000	  0.000000	
  0.000000	  0.000000	  1.000000	  0.000000	
  0.003067	  0.993865	  0.003067	  0.000000	
  0.003067	  0.944785	  0.049080	  0.003067	
  0.929448	  0.033742	  0.000000	  0.036810	
  0.901840	  0.009202	  0.012270	  0.076687	
  0.855828	  0.003067	  0.006135	  0.134969	
  0.754601	  0.015337	  0.000000	  0.230061	

