MEME version 4.4

ALPHABET= ACGT

strands: + -

Background letter frequencies (from /mnt/thumper-e1/home/shhuang/projects/dap/analysis.v4/gem07_rep_memechip03/AP2EREBP_tnt/ERF9_colamp_a/background):
A 0.26400 C 0.23600 G 0.23600 T 0.26400 

MOTIF AP2EREBP_tnt.ERF9_colamp_a_m1 MEME

letter-probability matrix: alength= 4 w= 17 nsites= 572 E= 1.3e-1329
  0.288462	  0.146853	  0.272727	  0.291958	
  0.134615	  0.449301	  0.146853	  0.269231	
  0.171329	  0.552448	  0.055944	  0.220280	
  0.204545	  0.099650	  0.321678	  0.374126	
  0.050699	  0.655594	  0.246503	  0.047203	
  0.054196	  0.938811	  0.006993	  0.000000	
  0.001748	  0.000000	  0.998252	  0.000000	
  0.000000	  1.000000	  0.000000	  0.000000	
  0.000000	  1.000000	  0.000000	  0.000000	
  0.000000	  0.000000	  1.000000	  0.000000	
  0.020979	  0.734266	  0.000000	  0.244755	
  0.073427	  0.914336	  0.000000	  0.012238	
  0.662587	  0.001748	  0.187063	  0.148601	
  0.237762	  0.195804	  0.034965	  0.531469	
  0.330420	  0.150350	  0.040210	  0.479021	
  0.269231	  0.122378	  0.160839	  0.447552	
  0.145105	  0.354895	  0.129371	  0.370629	

