MEME version 4.4

ALPHABET= ACGT

strands: + -

Background letter frequencies (from /mnt/thumper-e1/home/shhuang/projects/dap/analysis.v4/gem07_rep_memechip03/WRKY_tnt/WRKY28_col_a/background):
A 0.32300 C 0.17700 G 0.17700 T 0.32300 

MOTIF WRKY_tnt.WRKY28_col_a_m1 MEME

letter-probability matrix: alength= 4 w= 13 nsites= 598 E= 6.6e-878
  0.354515	  0.093645	  0.267559	  0.284281	
  0.260870	  0.160535	  0.219064	  0.359532	
  0.178930	  0.453177	  0.142140	  0.225753	
  0.093645	  0.025084	  0.596990	  0.284281	
  0.000000	  0.010033	  0.000000	  0.989967	
  0.000000	  0.000000	  0.003344	  0.996656	
  0.000000	  0.000000	  1.000000	  0.000000	
  1.000000	  0.000000	  0.000000	  0.000000	
  0.000000	  1.000000	  0.000000	  0.000000	
  0.025084	  0.165552	  0.010033	  0.799331	
  0.188963	  0.056856	  0.048495	  0.705686	
  0.145485	  0.093645	  0.108696	  0.652174	
  0.172241	  0.120401	  0.212375	  0.494983	

