MEME version 4.4

ALPHABET= ACGT

strands: + -

Background letter frequencies (from /mnt/thumper-e1/home/shhuang/projects/dap/analysis.v4/gem07_rep_memechip03/Homeobox_tnt/PDF2_col/background):
A 0.33100 C 0.16900 G 0.16900 T 0.33100 

MOTIF Homeobox_tnt.PDF2_col_m1 MEME

letter-probability matrix: alength= 4 w= 15 nsites= 600 E= 5.0e-1052
  0.473333	  0.133333	  0.165000	  0.228333	
  0.658333	  0.110000	  0.133333	  0.098333	
  0.551667	  0.116667	  0.188333	  0.143333	
  0.555000	  0.076667	  0.316667	  0.051667	
  0.083333	  0.006667	  0.883333	  0.026667	
  0.831667	  0.066667	  0.021667	  0.080000	
  0.993333	  0.001667	  0.000000	  0.005000	
  0.000000	  0.000000	  0.116667	  0.883333	
  0.991667	  0.001667	  0.000000	  0.006667	
  0.000000	  0.001667	  0.005000	  0.993333	
  0.090000	  0.015000	  0.051667	  0.843333	
  0.005000	  0.990000	  0.001667	  0.003333	
  0.003333	  0.478333	  0.273333	  0.245000	
  0.426667	  0.183333	  0.178333	  0.211667	
  0.510000	  0.126667	  0.083333	  0.280000	

