MEME version 4.4

ALPHABET= ACGT

strands: + -

Background letter frequencies (from /mnt/thumper-e1/home/shhuang/projects/dap/analysis.v4/gem07_rep_memechip03/bZIP_tnt/GBF3_colamp/background):
A 0.26800 C 0.23200 G 0.23200 T 0.26800 

MOTIF bZIP_tnt.GBF3_colamp_m1 MEME

letter-probability matrix: alength= 4 w= 15 nsites= 536 E= 2.7e-759
  0.319030	  0.091418	  0.287313	  0.302239	
  0.294776	  0.227612	  0.227612	  0.250000	
  0.333955	  0.151119	  0.110075	  0.404851	
  0.147388	  0.119403	  0.473881	  0.259328	
  0.250000	  0.264925	  0.283582	  0.201493	
  0.315299	  0.250000	  0.013060	  0.421642	
  0.011194	  0.500000	  0.395522	  0.093284	
  0.998134	  0.000000	  0.001866	  0.000000	
  0.000000	  0.934701	  0.029851	  0.035448	
  0.026119	  0.018657	  0.942164	  0.013060	
  0.000000	  0.000000	  0.001866	  0.998134	
  0.000000	  0.000000	  1.000000	  0.000000	
  0.000000	  0.007463	  0.727612	  0.264925	
  0.236940	  0.720149	  0.003731	  0.039179	
  0.498134	  0.098881	  0.223881	  0.179104	

