MEME version 4.4

ALPHABET= ACGT

strands: + -

Background letter frequencies (from /mnt/thumper-e1/home/shhuang/projects/dap/analysis.v4/gem07_rep_memechip03/MYBrelated_tnt/At1g19000_col_a/background):
A 0.32000 C 0.18000 G 0.18000 T 0.32000 

MOTIF MYBrelated_tnt.At1g19000_col_a_m1 MEME

letter-probability matrix: alength= 4 w= 14 nsites= 599 E= 3.4e-1004
  0.454090	  0.036728	  0.121870	  0.387312	
  0.532554	  0.015025	  0.046745	  0.405676	
  0.470785	  0.045075	  0.227045	  0.257095	
  0.055092	  0.135225	  0.001669	  0.808013	
  0.048414	  0.000000	  0.951586	  0.000000	
  0.000000	  0.000000	  1.000000	  0.000000	
  1.000000	  0.000000	  0.000000	  0.000000	
  0.000000	  0.000000	  0.000000	  1.000000	
  0.968280	  0.013356	  0.008347	  0.010017	
  0.924875	  0.000000	  0.055092	  0.020033	
  0.136895	  0.093489	  0.564274	  0.205342	
  0.287145	  0.101836	  0.532554	  0.078464	
  0.268781	  0.143573	  0.080134	  0.507513	
  0.282137	  0.118531	  0.143573	  0.455760	

