MEME version 4.4

ALPHABET= ACGT

strands: + -

Background letter frequencies (from /mnt/thumper-e1/home/shhuang/projects/dap/analysis.v4/gem07_rep_memechip03/C3H_tnt/AT3G12130_colamp_a/background):
A 0.33200 C 0.16800 G 0.16800 T 0.33200 

MOTIF C3H_tnt.AT3G12130_colamp_a_m1 MEME

letter-probability matrix: alength= 4 w= 14 nsites= 600 E= 2.7e-372
  0.480000	  0.126667	  0.221667	  0.171667	
  0.420000	  0.173333	  0.186667	  0.220000	
  0.371667	  0.136667	  0.230000	  0.261667	
  0.168333	  0.361667	  0.306667	  0.163333	
  0.716667	  0.098333	  0.118333	  0.066667	
  0.761667	  0.021667	  0.000000	  0.216667	
  1.000000	  0.000000	  0.000000	  0.000000	
  1.000000	  0.000000	  0.000000	  0.000000	
  0.985000	  0.000000	  0.015000	  0.000000	
  0.000000	  0.000000	  1.000000	  0.000000	
  0.098333	  0.130000	  0.346667	  0.425000	
  0.273333	  0.105000	  0.171667	  0.450000	
  0.585000	  0.015000	  0.298333	  0.101667	
  0.476667	  0.173333	  0.148333	  0.201667	

