MEME version 4.4

ALPHABET= ACGT

strands: + -

Background letter frequencies (from /mnt/thumper-e1/home/shhuang/projects/dap/analysis.v4/gem07_rep_memechip03/MYB_tnt/ATY13_col_a/background):
A 0.30500 C 0.19500 G 0.19500 T 0.30500 

MOTIF MYB_tnt.ATY13_col_a_m1 MEME

letter-probability matrix: alength= 4 w= 15 nsites= 592 E= 1.1e-933
  0.173986	  0.505068	  0.043919	  0.277027	
  0.768581	  0.113176	  0.020270	  0.097973	
  0.559122	  0.285473	  0.023649	  0.131757	
  0.000000	  0.753378	  0.010135	  0.236486	
  0.165541	  0.244932	  0.030405	  0.559122	
  0.486486	  0.302365	  0.076014	  0.135135	
  0.106419	  0.807432	  0.000000	  0.086149	
  0.027027	  0.765203	  0.000000	  0.207770	
  1.000000	  0.000000	  0.000000	  0.000000	
  0.736486	  0.258446	  0.003378	  0.001689	
  0.000000	  1.000000	  0.000000	  0.000000	
  0.199324	  0.373311	  0.028716	  0.398649	
  0.760135	  0.045608	  0.160473	  0.033784	
  0.288851	  0.527027	  0.018581	  0.165541	
  0.263514	  0.439189	  0.000000	  0.297297	

