MEME version 4.4

ALPHABET= ACGT

strands: + -

Background letter frequencies (from /mnt/thumper-e1/home/shhuang/projects/dap/analysis.v4/gem07_rep_memechip03/DBP_tnt/AT3G51470_col_a/background):
A 0.28100 C 0.21900 G 0.21900 T 0.28100 

MOTIF DBP_tnt.AT3G51470_col_a_m1 MEME

letter-probability matrix: alength= 4 w= 15 nsites= 369 E= 2.5e-230
  0.181572	  0.151762	  0.084011	  0.582656	
  0.468835	  0.195122	  0.035230	  0.300813	
  0.284553	  0.425474	  0.081301	  0.208672	
  0.056911	  0.292683	  0.504065	  0.146341	
  0.130081	  0.113821	  0.756098	  0.000000	
  0.000000	  0.000000	  0.000000	  1.000000	
  0.430894	  0.018970	  0.550136	  0.000000	
  0.021680	  0.712737	  0.254743	  0.010840	
  0.886179	  0.000000	  0.013550	  0.100271	
  0.000000	  0.991870	  0.008130	  0.000000	
  0.075881	  0.780488	  0.018970	  0.124661	
  0.395664	  0.170732	  0.146341	  0.287263	
  0.121951	  0.303523	  0.289973	  0.284553	
  0.265583	  0.598916	  0.084011	  0.051491	
  0.487805	  0.149051	  0.170732	  0.192412	

