MEME version 4.4

ALPHABET= ACGT

strands: + -

Background letter frequencies (from /mnt/thumper-e1/home/shhuang/projects/dap/analysis.v4/gem07_rep_memechip03/G2like_tnt/At1g68670_col/background):
A 0.31700 C 0.18300 G 0.18300 T 0.31700 

MOTIF G2like_tnt.At1g68670_col_m1 MEME

letter-probability matrix: alength= 4 w= 13 nsites= 600 E= 1.9e-677
  0.183333	  0.058333	  0.668333	  0.090000	
  0.493333	  0.080000	  0.215000	  0.211667	
  0.735000	  0.011667	  0.076667	  0.176667	
  0.073333	  0.146667	  0.028333	  0.751667	
  0.150000	  0.638333	  0.041667	  0.170000	
  0.335000	  0.213333	  0.213333	  0.238333	
  0.526667	  0.151667	  0.135000	  0.186667	
  0.815000	  0.016667	  0.085000	  0.083333	
  0.010000	  0.005000	  0.840000	  0.145000	
  0.996667	  0.003333	  0.000000	  0.000000	
  0.028333	  0.006667	  0.000000	  0.965000	
  0.105000	  0.085000	  0.043333	  0.766667	
  0.008333	  0.991667	  0.000000	  0.000000	

