MEME version 4.4

ALPHABET= ACGT

strands: + -

Background letter frequencies (from /mnt/thumper-e1/home/shhuang/projects/dap/analysis.v4/gem07_rep_memechip03/Trihelix_tnt/AT1G76880_col_a/background):
A 0.33600 C 0.16400 G 0.16400 T 0.33600 

MOTIF Trihelix_tnt.AT1G76880_col_a_m1 MEME

letter-probability matrix: alength= 4 w= 16 nsites= 480 E= 7.5e-429
  0.608333	  0.081250	  0.231250	  0.079167	
  0.210417	  0.468750	  0.081250	  0.239583	
  0.310417	  0.062500	  0.608333	  0.018750	
  0.000000	  0.000000	  1.000000	  0.000000	
  0.000000	  0.000000	  0.000000	  1.000000	
  0.866667	  0.000000	  0.029167	  0.104167	
  1.000000	  0.000000	  0.000000	  0.000000	
  0.935417	  0.006250	  0.016667	  0.041667	
  0.791667	  0.006250	  0.000000	  0.202083	
  0.658333	  0.064583	  0.066667	  0.210417	
  0.397917	  0.147917	  0.152083	  0.302083	
  0.310417	  0.085417	  0.293750	  0.310417	
  0.341667	  0.095833	  0.195833	  0.366667	
  0.431250	  0.097917	  0.208333	  0.262500	
  0.516667	  0.085417	  0.110417	  0.287500	
  0.470833	  0.106250	  0.114583	  0.308333	

