MEME version 4.4

ALPHABET= ACGT

strands: + -

Background letter frequencies (from /mnt/thumper-e1/home/shhuang/projects/dap/analysis.v4/gem07_rep_memechip03/Trihelix_tnt/AT3G25990_colamp_a/background):
A 0.33400 C 0.16600 G 0.16600 T 0.33400 

MOTIF Trihelix_tnt.AT3G25990_colamp_a_m1 MEME

letter-probability matrix: alength= 4 w= 20 nsites= 600 E= 1.8e-901
  0.335000	  0.038333	  0.213333	  0.413333	
  0.216667	  0.136667	  0.210000	  0.436667	
  0.165000	  0.140000	  0.108333	  0.586667	
  0.166667	  0.046667	  0.071667	  0.715000	
  0.665000	  0.013333	  0.163333	  0.158333	
  0.766667	  0.031667	  0.098333	  0.103333	
  0.106667	  0.630000	  0.116667	  0.146667	
  0.045000	  0.371667	  0.020000	  0.563333	
  0.613333	  0.113333	  0.123333	  0.150000	
  0.046667	  0.246667	  0.161667	  0.545000	
  0.263333	  0.000000	  0.728333	  0.008333	
  0.005000	  0.000000	  0.995000	  0.000000	
  0.000000	  0.003333	  0.000000	  0.996667	
  0.000000	  0.013333	  0.000000	  0.986667	
  0.801667	  0.003333	  0.096667	  0.098333	
  0.545000	  0.116667	  0.316667	  0.021667	
  0.196667	  0.193333	  0.376667	  0.233333	
  0.131667	  0.073333	  0.283333	  0.511667	
  0.238333	  0.081667	  0.135000	  0.545000	
  0.301667	  0.076667	  0.130000	  0.491667	

