MEME version 4.4

ALPHABET= ACGT

strands: + -

Background letter frequencies (from /mnt/thumper-e1/home/shhuang/projects/dap/analysis.v4/gem07_rep_memechip03/AP2EREBP_tnt/DREB19_col_a/background):
A 0.27900 C 0.22100 G 0.22100 T 0.27900 

MOTIF AP2EREBP_tnt.DREB19_col_a_m1 MEME

letter-probability matrix: alength= 4 w= 17 nsites= 597 E= 4.4e-1151
  0.221106	  0.324958	  0.177554	  0.276382	
  0.338358	  0.170854	  0.197655	  0.293132	
  0.226131	  0.358459	  0.154104	  0.261307	
  0.257956	  0.365159	  0.112228	  0.264657	
  0.199330	  0.144054	  0.195980	  0.460637	
  0.293132	  0.338358	  0.117253	  0.251256	
  0.430486	  0.551089	  0.011725	  0.006700	
  0.889447	  0.000000	  0.110553	  0.000000	
  0.000000	  1.000000	  0.000000	  0.000000	
  0.000000	  1.000000	  0.000000	  0.000000	
  0.000000	  0.000000	  1.000000	  0.000000	
  0.721943	  0.274707	  0.000000	  0.003350	
  0.000000	  1.000000	  0.000000	  0.000000	
  0.609715	  0.051926	  0.013400	  0.324958	
  0.067002	  0.177554	  0.005025	  0.750419	
  0.402010	  0.123953	  0.055276	  0.418760	
  0.422111	  0.108878	  0.259631	  0.209380	

