MEME version 4.4

ALPHABET= ACGT

strands: + -

Background letter frequencies (from /mnt/thumper-e1/home/shhuang/projects/dap/analysis.v4/gem07_rep_memechip03/MYB_tnt/MYB3R1_col_a/background):
A 0.32500 C 0.17500 G 0.17500 T 0.32500 

MOTIF MYB_tnt.MYB3R1_col_a_m1 MEME

letter-probability matrix: alength= 4 w= 15 nsites= 600 E= 7.1e-965
  0.456667	  0.138333	  0.151667	  0.253333	
  0.483333	  0.085000	  0.145000	  0.286667	
  0.545000	  0.055000	  0.036667	  0.363333	
  0.318333	  0.105000	  0.086667	  0.490000	
  0.386667	  0.143333	  0.205000	  0.265000	
  0.075000	  0.120000	  0.085000	  0.720000	
  0.366667	  0.003333	  0.380000	  0.250000	
  0.703333	  0.003333	  0.210000	  0.083333	
  0.080000	  0.920000	  0.000000	  0.000000	
  0.000000	  1.000000	  0.000000	  0.000000	
  0.000000	  0.000000	  1.000000	  0.000000	
  0.000000	  0.000000	  0.000000	  1.000000	
  0.000000	  0.000000	  0.000000	  1.000000	
  0.528333	  0.001667	  0.391667	  0.078333	
  0.273333	  0.220000	  0.320000	  0.186667	

