MEME version 4.4

ALPHABET= ACGT

strands: + -

Background letter frequencies (from /mnt/thumper-e1/home/shhuang/projects/dap/analysis.v4/gem07_rep_memechip03/LOBAS2_tnt/LOB_col_a/background):
A 0.23800 C 0.26200 G 0.26200 T 0.23800 

MOTIF LOBAS2_tnt.LOB_col_a_m1 MEME

letter-probability matrix: alength= 4 w= 21 nsites= 573 E= 2.1e-1295
  0.240838	  0.087260	  0.221640	  0.450262	
  0.076789	  0.710297	  0.048866	  0.164049	
  0.059337	  0.825480	  0.001745	  0.113438	
  0.141361	  0.029668	  0.560209	  0.268761	
  0.008726	  0.858639	  0.095986	  0.036649	
  0.026178	  0.972077	  0.001745	  0.000000	
  0.092496	  0.005236	  0.694590	  0.207679	
  0.027923	  0.673647	  0.099476	  0.198953	
  0.211169	  0.551483	  0.054101	  0.183246	
  0.268761	  0.010471	  0.371728	  0.349040	
  0.109948	  0.502618	  0.062827	  0.324607	
  0.150087	  0.612565	  0.005236	  0.232112	
  0.146597	  0.078534	  0.352531	  0.422339	
  0.097731	  0.778360	  0.034904	  0.089005	
  0.045375	  0.917976	  0.003490	  0.033159	
  0.022688	  0.000000	  0.884817	  0.092496	
  0.008726	  0.746946	  0.200698	  0.043630	
  0.073298	  0.821990	  0.012216	  0.092496	
  0.106457	  0.006981	  0.788831	  0.097731	
  0.080279	  0.516579	  0.198953	  0.204188	
  0.273997	  0.399651	  0.125654	  0.200698	

