MEME version 4.4

ALPHABET= ACGT

strands: + -

Background letter frequencies (from /mnt/thumper-e1/home/shhuang/projects/dap/analysis.v4/gem07_rep_memechip03/C2H2_tnt/STOP1_col_a/background):
A 0.29900 C 0.20100 G 0.20100 T 0.29900 

MOTIF C2H2_tnt.STOP1_col_a_m1 MEME

letter-probability matrix: alength= 4 w= 19 nsites= 59 E= 5.8e-088
  0.101695	  0.830508	  0.033898	  0.033898	
  0.000000	  0.983051	  0.000000	  0.016949	
  0.000000	  0.118644	  0.118644	  0.762712	
  0.101695	  0.220339	  0.237288	  0.440678	
  0.050847	  0.779661	  0.067797	  0.101695	
  0.406780	  0.576271	  0.000000	  0.016949	
  0.000000	  0.779661	  0.000000	  0.220339	
  0.016949	  0.813559	  0.016949	  0.152542	
  0.779661	  0.033898	  0.169492	  0.016949	
  0.118644	  0.033898	  0.762712	  0.084746	
  0.508475	  0.084746	  0.169492	  0.237288	
  0.152542	  0.033898	  0.000000	  0.813559	
  0.525424	  0.118644	  0.338983	  0.016949	
  0.372881	  0.305085	  0.118644	  0.203390	
  0.576271	  0.169492	  0.067797	  0.186441	
  0.559322	  0.322034	  0.118644	  0.000000	
  0.118644	  0.847458	  0.000000	  0.033898	
  0.016949	  0.694915	  0.000000	  0.288136	
  0.084746	  0.237288	  0.135593	  0.542373	

