MEME version 4.4

ALPHABET= ACGT

strands: + -

Background letter frequencies (from /mnt/thumper-e1/home/shhuang/projects/dap/analysis.v4/gem07_rep_memechip03/bZIP_tnt/TGA10_col_a/background):
A 0.27600 C 0.22400 G 0.22400 T 0.27600 

MOTIF bZIP_tnt.TGA10_col_a_m1 MEME

letter-probability matrix: alength= 4 w= 15 nsites= 593 E= 6.5e-1437
  0.325464	  0.121417	  0.364250	  0.188870	
  0.431703	  0.151771	  0.180438	  0.236088	
  0.198988	  0.205734	  0.091062	  0.504216	
  0.075885	  0.089376	  0.797639	  0.037099	
  0.532884	  0.337268	  0.129848	  0.000000	
  0.000000	  0.000000	  0.000000	  1.000000	
  0.006745	  0.000000	  0.927487	  0.065767	
  0.994941	  0.000000	  0.005059	  0.000000	
  0.000000	  0.942664	  0.001686	  0.055649	
  0.010118	  0.000000	  0.989882	  0.000000	
  0.020236	  0.008432	  0.001686	  0.969646	
  0.057336	  0.851602	  0.080944	  0.010118	
  0.883642	  0.000000	  0.080944	  0.035413	
  0.057336	  0.435076	  0.165261	  0.342327	
  0.227656	  0.310287	  0.139966	  0.322091	

