MEME version 4.4

ALPHABET= ACGT

strands: + -

Background letter frequencies (from /mnt/thumper-e1/home/shhuang/projects/dap/analysis.v4/gem07_rep_memechip03/REM_tnt/REM19_col_a/background):
A 0.37500 C 0.12500 G 0.12500 T 0.37500 

MOTIF REM_tnt.REM19_col_a_m1 MEME

letter-probability matrix: alength= 4 w= 15 nsites= 573 E= 8.3e-719
  0.500873	  0.157068	  0.324607	  0.017452	
  0.581152	  0.242583	  0.080279	  0.095986	
  0.504363	  0.385689	  0.109948	  0.000000	
  0.830716	  0.054101	  0.115183	  0.000000	
  0.787086	  0.045375	  0.167539	  0.000000	
  0.993019	  0.005236	  0.000000	  0.001745	
  0.837696	  0.106457	  0.012216	  0.043630	
  0.996510	  0.001745	  0.000000	  0.001745	
  0.912740	  0.076789	  0.000000	  0.010471	
  0.958115	  0.000000	  0.005236	  0.036649	
  0.855148	  0.027923	  0.015707	  0.101222	
  0.917976	  0.010471	  0.071553	  0.000000	
  0.675393	  0.055846	  0.059337	  0.209424	
  0.687609	  0.209424	  0.102967	  0.000000	
  0.668412	  0.089005	  0.151832	  0.090750	

