MEME version 4.4

ALPHABET= ACGT

strands: + -

Background letter frequencies (from /mnt/thumper-e1/home/shhuang/projects/dap/analysis.v4/gem07_rep_memechip03/C2C2COlike_tnt/AT4G27900_col_a/background):
A 0.29300 C 0.20600 G 0.20600 T 0.29300 

MOTIF C2C2COlike_tnt.AT4G27900_col_a_m1 MEME

letter-probability matrix: alength= 4 w= 22 nsites= 170 E= 9.4e-682
  0.800000	  0.023529	  0.105882	  0.070588	
  0.841176	  0.017647	  0.000000	  0.141176	
  0.005882	  0.088235	  0.000000	  0.905882	
  0.011765	  0.482353	  0.464706	  0.041176	
  0.623529	  0.000000	  0.376471	  0.000000	
  1.000000	  0.000000	  0.000000	  0.000000	
  0.000000	  1.000000	  0.000000	  0.000000	
  0.000000	  0.000000	  1.000000	  0.000000	
  0.000000	  0.000000	  1.000000	  0.000000	
  0.011765	  0.376471	  0.000000	  0.611765	
  0.011765	  0.347059	  0.147059	  0.494118	
  0.252941	  0.200000	  0.523529	  0.023529	
  0.729412	  0.035294	  0.158824	  0.076471	
  0.023529	  0.041176	  0.894118	  0.041176	
  0.976471	  0.005882	  0.017647	  0.000000	
  0.100000	  0.000000	  0.017647	  0.882353	
  0.035294	  0.123529	  0.082353	  0.758824	
  0.241176	  0.252941	  0.247059	  0.258824	
  0.458824	  0.158824	  0.235294	  0.147059	
  0.352941	  0.135294	  0.047059	  0.464706	
  0.058824	  0.376471	  0.047059	  0.517647	
  0.082353	  0.435294	  0.288235	  0.194118	

