MEME version 4.4

ALPHABET= ACGT

strands: + -

Background letter frequencies (from /mnt/thumper-e1/home/shhuang/projects/dap/analysis.v4/gem07_rep_memechip03/C2H2_tnt/SGR5_colamp_a/background):
A 0.33000 C 0.17000 G 0.17000 T 0.33000 

MOTIF C2H2_tnt.SGR5_colamp_a_m1 MEME

letter-probability matrix: alength= 4 w= 15 nsites= 598 E= 1.5e-940
  0.187291	  0.132107	  0.095318	  0.585284	
  0.061873	  0.113712	  0.035117	  0.789298	
  0.000000	  0.023411	  0.003344	  0.973244	
  0.000000	  0.005017	  0.000000	  0.994983	
  0.000000	  0.000000	  1.000000	  0.000000	
  0.000000	  0.000000	  0.001672	  0.998328	
  0.000000	  0.949833	  0.000000	  0.050167	
  0.071906	  0.065217	  0.000000	  0.862876	
  0.000000	  0.264214	  0.056856	  0.678930	
  0.311037	  0.098662	  0.073579	  0.516722	
  0.239130	  0.075251	  0.008361	  0.677258	
  0.143813	  0.210702	  0.115385	  0.530100	
  0.098662	  0.269231	  0.135452	  0.496656	
  0.195652	  0.147157	  0.198997	  0.458194	
  0.247492	  0.187291	  0.229097	  0.336120	

