MEME version 4.4

ALPHABET= ACGT

strands: + -

Background letter frequencies (from /mnt/thumper-e1/home/shhuang/projects/dap/analysis.v4/gem07_rep_memechip03/LOBAS2_tnt/LBD18_col_a/background):
A 0.26700 C 0.23300 G 0.23300 T 0.26700 

MOTIF LOBAS2_tnt.LBD18_col_a_m1 MEME

letter-probability matrix: alength= 4 w= 19 nsites= 600 E= 6.9e-716
  0.278333	  0.200000	  0.140000	  0.381667	
  0.221667	  0.285000	  0.100000	  0.393333	
  0.241667	  0.131667	  0.216667	  0.410000	
  0.175000	  0.413333	  0.145000	  0.266667	
  0.150000	  0.576667	  0.026667	  0.246667	
  0.118333	  0.068333	  0.386667	  0.426667	
  0.028333	  0.671667	  0.283333	  0.016667	
  0.031667	  0.966667	  0.001667	  0.000000	
  0.173333	  0.063333	  0.608333	  0.155000	
  0.103333	  0.171667	  0.495000	  0.230000	
  0.488333	  0.123333	  0.218333	  0.170000	
  0.256667	  0.018333	  0.081667	  0.643333	
  0.076667	  0.126667	  0.011667	  0.785000	
  0.091667	  0.211667	  0.003333	  0.693333	
  0.105000	  0.195000	  0.010000	  0.690000	
  0.141667	  0.681667	  0.108333	  0.068333	
  0.128333	  0.678333	  0.078333	  0.115000	
  0.000000	  0.000000	  0.951667	  0.048333	
  0.033333	  0.340000	  0.586667	  0.040000	

