MEME version 4.4

ALPHABET= ACGT

strands: + -

Background letter frequencies (from /mnt/thumper-e1/home/shhuang/projects/dap/analysis.v4/gem07_rep_memechip03/bZIP_tnt/GBF5_colamp_a/background):
A 0.30000 C 0.20000 G 0.20000 T 0.30000 

MOTIF bZIP_tnt.GBF5_colamp_a_m1 MEME

letter-probability matrix: alength= 4 w= 15 nsites= 584 E= 6.3e-1815
  0.318493	  0.106164	  0.296233	  0.279110	
  0.392123	  0.111301	  0.179795	  0.316781	
  0.265411	  0.056507	  0.101027	  0.577055	
  0.025685	  0.001712	  0.789384	  0.183219	
  0.219178	  0.604452	  0.152397	  0.023973	
  0.075342	  0.077055	  0.000000	  0.847603	
  0.000000	  0.126712	  0.803082	  0.070205	
  1.000000	  0.000000	  0.000000	  0.000000	
  0.000000	  0.991438	  0.000000	  0.008562	
  0.001712	  0.003425	  0.994863	  0.000000	
  0.000000	  0.000000	  0.000000	  1.000000	
  0.000000	  0.000000	  1.000000	  0.000000	
  0.000000	  0.000000	  0.782534	  0.217466	
  0.202055	  0.787671	  0.001712	  0.008562	
  0.638699	  0.111301	  0.133562	  0.116438	

