MEME version 4.4

ALPHABET= ACGT

strands: + -

Background letter frequencies (from /mnt/thumper-e1/home/shhuang/projects/dap/analysis.v4/gem07_rep_memechip03/ND_tnt/ASHR1_col_a/background):
A 0.27800 C 0.22200 G 0.22200 T 0.27800 

MOTIF ND_tnt.ASHR1_col_a_m1 MEME

letter-probability matrix: alength= 4 w= 15 nsites= 270 E= 5.1e-310
  0.248148	  0.248148	  0.118519	  0.385185	
  0.185185	  0.337037	  0.144444	  0.333333	
  0.344444	  0.200000	  0.214815	  0.240741	
  0.237037	  0.196296	  0.181481	  0.385185	
  0.159259	  0.496296	  0.148148	  0.196296	
  0.414815	  0.185185	  0.140741	  0.259259	
  0.037037	  0.007407	  0.000000	  0.955556	
  0.000000	  1.000000	  0.000000	  0.000000	
  1.000000	  0.000000	  0.000000	  0.000000	
  0.000000	  0.992593	  0.000000	  0.007407	
  0.000000	  1.000000	  0.000000	  0.000000	
  1.000000	  0.000000	  0.000000	  0.000000	
  0.207407	  0.222222	  0.140741	  0.429630	
  0.203704	  0.359259	  0.188889	  0.248148	
  0.411111	  0.192593	  0.177778	  0.218519	

