MEME version 4.4

ALPHABET= ACGT

strands: + -

Background letter frequencies (from /mnt/thumper-e1/home/shhuang/projects/dap/analysis.v4/gem07_rep_memechip03/SRS_tnt/SRS7_col_a/background):
A 0.30900 C 0.19100 G 0.19100 T 0.30900 

MOTIF SRS_tnt.SRS7_col_a_m1 MEME

letter-probability matrix: alength= 4 w= 23 nsites= 25 E= 1.1e-110
  0.960000	  0.000000	  0.000000	  0.040000	
  0.880000	  0.000000	  0.040000	  0.080000	
  1.000000	  0.000000	  0.000000	  0.000000	
  0.000000	  0.880000	  0.040000	  0.080000	
  0.000000	  0.960000	  0.040000	  0.000000	
  0.080000	  0.920000	  0.000000	  0.000000	
  0.000000	  0.000000	  0.000000	  1.000000	
  0.920000	  0.000000	  0.000000	  0.080000	
  0.840000	  0.000000	  0.040000	  0.120000	
  0.880000	  0.000000	  0.040000	  0.080000	
  0.040000	  0.880000	  0.040000	  0.040000	
  0.080000	  0.840000	  0.000000	  0.080000	
  0.000000	  0.840000	  0.040000	  0.120000	
  0.000000	  0.000000	  0.000000	  1.000000	
  0.960000	  0.000000	  0.000000	  0.040000	
  0.680000	  0.000000	  0.160000	  0.160000	
  0.920000	  0.040000	  0.000000	  0.040000	
  0.080000	  0.840000	  0.000000	  0.080000	
  0.000000	  0.880000	  0.000000	  0.120000	
  0.000000	  0.920000	  0.000000	  0.080000	
  0.080000	  0.000000	  0.000000	  0.920000	
  1.000000	  0.000000	  0.000000	  0.000000	
  0.880000	  0.000000	  0.080000	  0.040000	

