MEME version 4.4

ALPHABET= ACGT

strands: + -

Background letter frequencies (from /mnt/thumper-e1/home/shhuang/projects/dap/analysis.v4/gem07_rep_memechip03/WRKY_tnt/WRKY14_colamp_a/background):
A 0.31300 C 0.18700 G 0.18700 T 0.31300 

MOTIF WRKY_tnt.WRKY14_colamp_a_m1 MEME

letter-probability matrix: alength= 4 w= 13 nsites= 599 E= 4.7e-1339
  0.500835	  0.202003	  0.153589	  0.143573	
  0.706177	  0.061770	  0.090150	  0.141903	
  0.772955	  0.038397	  0.036728	  0.151920	
  0.839733	  0.000000	  0.146912	  0.013356	
  0.000000	  0.000000	  1.000000	  0.000000	
  0.000000	  0.000000	  0.000000	  1.000000	
  0.000000	  1.000000	  0.000000	  0.000000	
  1.000000	  0.000000	  0.000000	  0.000000	
  1.000000	  0.000000	  0.000000	  0.000000	
  0.048414	  0.928214	  0.000000	  0.023372	
  0.080134	  0.058431	  0.711185	  0.150250	
  0.255426	  0.297162	  0.220367	  0.227045	
  0.228715	  0.242070	  0.116861	  0.412354	

