MEME version 4.4

ALPHABET= ACGT

strands: + -

Background letter frequencies (from /mnt/thumper-e1/home/shhuang/projects/dap/analysis.v4/gem07_rep_memechip03/NAC_tnt/ANAC017_colamp_v31/background):
A 0.26400 C 0.23600 G 0.23600 T 0.26400 

MOTIF NAC_tnt.ANAC017_colamp_v31_m1 MEME

letter-probability matrix: alength= 4 w= 17 nsites= 493 E= 1.2e-1121
  0.164300	  0.016227	  0.008114	  0.811359	
  0.229209	  0.000000	  0.166329	  0.604462	
  0.432049	  0.212982	  0.172414	  0.182556	
  0.000000	  1.000000	  0.000000	  0.000000	
  0.000000	  0.000000	  0.421907	  0.578093	
  0.000000	  0.000000	  0.000000	  1.000000	
  0.030426	  0.000000	  0.969574	  0.000000	
  0.217039	  0.235294	  0.385396	  0.162272	
  0.371197	  0.127789	  0.298174	  0.202840	
  0.164300	  0.135903	  0.533469	  0.166329	
  0.421907	  0.271805	  0.225152	  0.081136	
  0.456389	  0.160243	  0.257606	  0.125761	
  0.000000	  0.949290	  0.024341	  0.026369	
  1.000000	  0.000000	  0.000000	  0.000000	
  0.661258	  0.338742	  0.000000	  0.000000	
  0.000000	  0.000000	  0.981744	  0.018256	
  0.156187	  0.215010	  0.401623	  0.227181	

