MEME version 4.4

ALPHABET= ACGT

strands: + -

Background letter frequencies (from /mnt/thumper-e1/home/shhuang/projects/dap/analysis.v4/gem07_rep_memechip03/AP2EREBP_tnt/AT1G28160_colamp_a/background):
A 0.24400 C 0.25600 G 0.25600 T 0.24400 

MOTIF AP2EREBP_tnt.AT1G28160_colamp_a_m1 MEME

letter-probability matrix: alength= 4 w= 14 nsites= 592 E= 8.7e-1175
  0.180743	  0.547297	  0.081081	  0.190878	
  0.298986	  0.084459	  0.395270	  0.221284	
  0.104730	  0.516892	  0.119932	  0.258446	
  0.077703	  0.785473	  0.011824	  0.125000	
  0.153716	  0.006757	  0.552365	  0.287162	
  0.023649	  0.755068	  0.177365	  0.043919	
  0.018581	  0.981419	  0.000000	  0.000000	
  0.045608	  0.000000	  0.929054	  0.025338	
  0.000000	  1.000000	  0.000000	  0.000000	
  0.003378	  0.996622	  0.000000	  0.000000	
  0.011824	  0.000000	  0.988176	  0.000000	
  0.010135	  0.643581	  0.010135	  0.336149	
  0.108108	  0.722973	  0.027027	  0.141892	
  0.430743	  0.000000	  0.410473	  0.158784	

