MEME version 4.4

ALPHABET= ACGT

strands: + -

Background letter frequencies (from /mnt/thumper-e1/home/shhuang/projects/dap/analysis.v4/gem07_rep_memechip03/HSF_tnt/HSF7_colamp_a/background):
A 0.30100 C 0.19900 G 0.19900 T 0.30100 

MOTIF HSF_tnt.HSF7_colamp_a_m1 MEME

letter-probability matrix: alength= 4 w= 14 nsites= 598 E= 3.0e-1734
  0.608696	  0.088629	  0.247492	  0.055184	
  0.000000	  0.008361	  0.983278	  0.008361	
  0.963211	  0.005017	  0.010033	  0.021739	
  0.938127	  0.000000	  0.005017	  0.056856	
  0.128763	  0.193980	  0.548495	  0.128763	
  0.178930	  0.416388	  0.205686	  0.198997	
  0.090301	  0.026756	  0.006689	  0.876254	
  0.021739	  0.000000	  0.000000	  0.978261	
  0.000000	  0.998328	  0.001672	  0.000000	
  0.006689	  0.132107	  0.048495	  0.812709	
  0.804348	  0.025084	  0.165552	  0.005017	
  0.020067	  0.006689	  0.971572	  0.001672	
  0.978261	  0.005017	  0.005017	  0.011706	
  0.804348	  0.045151	  0.058528	  0.091973	

