MEME version 4.4

ALPHABET= ACGT

strands: + -

Background letter frequencies (from /mnt/thumper-e1/home/shhuang/projects/dap/analysis.v4/gem07_rep_memechip03/MYBrelated_tnt/AT5G56840_colamp_a/background):
A 0.34800 C 0.15200 G 0.15200 T 0.34800 

MOTIF MYBrelated_tnt.AT5G56840_colamp_a_m1 MEME

letter-probability matrix: alength= 4 w= 16 nsites= 599 E= 1.0e-786
  0.282137	  0.230384	  0.098497	  0.388982	
  0.373957	  0.166945	  0.120200	  0.338898	
  0.333890	  0.155259	  0.093489	  0.417362	
  0.494157	  0.108514	  0.091820	  0.305509	
  0.560935	  0.071786	  0.100167	  0.267112	
  0.080134	  0.512521	  0.076795	  0.330551	
  0.213689	  0.547579	  0.106845	  0.131886	
  0.030050	  0.028381	  0.000000	  0.941569	
  0.020033	  0.000000	  0.003339	  0.976628	
  1.000000	  0.000000	  0.000000	  0.000000	
  0.000000	  0.000000	  0.000000	  1.000000	
  0.000000	  1.000000	  0.000000	  0.000000	
  0.001669	  0.789649	  0.003339	  0.205342	
  0.682805	  0.016694	  0.090150	  0.210351	
  0.337229	  0.173623	  0.038397	  0.450751	
  0.500835	  0.033389	  0.033389	  0.432387	

