MEME version 4.4

ALPHABET= ACGT

strands: + -

Background letter frequencies (from /mnt/thumper-e1/home/shhuang/projects/dap/analysis.v4/gem07_rep_memechip03/NAC_tnt/ANAC045_col_a/background):
A 0.30100 C 0.19900 G 0.19900 T 0.30100 

MOTIF NAC_tnt.ANAC045_col_a_m1 MEME

letter-probability matrix: alength= 4 w= 16 nsites= 595 E= 3.1e-1218
  0.003361	  0.996639	  0.000000	  0.000000	
  0.000000	  0.028571	  0.433613	  0.537815	
  0.000000	  0.001681	  0.000000	  0.998319	
  0.156303	  0.092437	  0.734454	  0.016807	
  0.255462	  0.238655	  0.121008	  0.384874	
  0.322689	  0.139496	  0.307563	  0.230252	
  0.247059	  0.186555	  0.329412	  0.236975	
  0.319328	  0.240336	  0.186555	  0.253782	
  0.458824	  0.089076	  0.194958	  0.257143	
  0.055462	  0.608403	  0.299160	  0.036975	
  1.000000	  0.000000	  0.000000	  0.000000	
  0.830252	  0.157983	  0.011765	  0.000000	
  0.000000	  0.000000	  0.998319	  0.001681	
  0.200000	  0.408403	  0.139496	  0.252101	
  0.721008	  0.121008	  0.003361	  0.154622	
  0.983193	  0.000000	  0.000000	  0.016807	

