MEME version 4.4

ALPHABET= ACGT

strands: + -

Background letter frequencies (from /mnt/thumper-e1/home/shhuang/projects/dap/analysis.v4/gem07_rep_memechip03/TCP_tnt/PTF1_col_a/background):
A 0.29200 C 0.20800 G 0.20800 T 0.29200 

MOTIF TCP_tnt.PTF1_col_a_m1 MEME

letter-probability matrix: alength= 4 w= 13 nsites= 130 E= 7.5e-333
  0.130769	  0.069231	  0.738462	  0.061538	
  0.046154	  0.084615	  0.053846	  0.815385	
  0.084615	  0.069231	  0.746154	  0.100000	
  0.000000	  0.000000	  0.992308	  0.007692	
  0.000000	  0.000000	  1.000000	  0.000000	
  0.000000	  0.000000	  1.000000	  0.000000	
  0.761538	  0.161538	  0.000000	  0.076923	
  0.000000	  0.992308	  0.000000	  0.007692	
  0.000000	  1.000000	  0.000000	  0.000000	
  0.923077	  0.000000	  0.076923	  0.000000	
  0.000000	  0.900000	  0.046154	  0.053846	
  0.438462	  0.123077	  0.092308	  0.346154	
  0.384615	  0.076923	  0.207692	  0.330769	

