MEME version 4.4

ALPHABET= ACGT

strands: + -

Background letter frequencies (from /mnt/thumper-e1/home/shhuang/projects/dap/analysis.v4/gem07_rep_memechip03/HB_tnt/ATHB21_col_a/background):
A 0.34300 C 0.15700 G 0.15700 T 0.34300 

MOTIF HB_tnt.ATHB21_col_a_m1 MEME

letter-probability matrix: alength= 4 w= 14 nsites= 597 E= 2.2e-865
  0.313233	  0.159129	  0.293132	  0.234506	
  0.216080	  0.435511	  0.207705	  0.140704	
  0.629816	  0.073702	  0.120603	  0.175879	
  0.254606	  0.474037	  0.075377	  0.195980	
  0.003350	  0.946399	  0.000000	  0.050251	
  1.000000	  0.000000	  0.000000	  0.000000	
  1.000000	  0.000000	  0.000000	  0.000000	
  0.000000	  0.000000	  0.000000	  1.000000	
  0.479062	  0.045226	  0.043551	  0.432161	
  1.000000	  0.000000	  0.000000	  0.000000	
  0.000000	  0.000000	  0.000000	  1.000000	
  0.125628	  0.008375	  0.083752	  0.782245	
  0.219430	  0.026801	  0.534338	  0.219430	
  0.309883	  0.157454	  0.333333	  0.199330	

