MEME version 4.4

ALPHABET= ACGT

strands: + -

Background letter frequencies (from /mnt/thumper-e1/home/shhuang/projects/dap/analysis.v4/gem07_rep_memechip03/ARID_tnt/AT1G04880_colamp_a/background):
A 0.35700 C 0.14300 G 0.14300 T 0.35700 

MOTIF ARID_tnt.AT1G04880_colamp_a_m1 MEME

letter-probability matrix: alength= 4 w= 15 nsites= 564 E= 3.9e-678
  0.657801	  0.079787	  0.125887	  0.136525	
  0.579787	  0.067376	  0.113475	  0.239362	
  0.973404	  0.001773	  0.000000	  0.024823	
  0.065603	  0.664894	  0.118794	  0.150709	
  0.058511	  0.420213	  0.000000	  0.521277	
  0.769504	  0.000000	  0.000000	  0.230496	
  0.000000	  0.000000	  0.000000	  1.000000	
  0.984043	  0.000000	  0.015957	  0.000000	
  0.014184	  0.060284	  0.118794	  0.806738	
  0.601064	  0.056738	  0.168440	  0.173759	
  0.469858	  0.054965	  0.092199	  0.382979	
  0.005319	  0.015957	  0.003546	  0.975177	
  1.000000	  0.000000	  0.000000	  0.000000	
  0.191489	  0.001773	  0.015957	  0.790780	
  0.735816	  0.078014	  0.124113	  0.062057	

