MEME version 4.4

ALPHABET= ACGT

strands: + -

Background letter frequencies (from /mnt/thumper-e1/home/shhuang/projects/dap/analysis.v4/gem07_rep_memechip03/NAC_tnt/ANAC042_col_a/background):
A 0.27800 C 0.22200 G 0.22200 T 0.27800 

MOTIF NAC_tnt.ANAC042_col_a_m1 MEME

letter-probability matrix: alength= 4 w= 20 nsites= 600 E= 4.0e-1059
  0.018333	  0.483333	  0.001667	  0.496667	
  0.145000	  0.008333	  0.653333	  0.193333	
  0.110000	  0.695000	  0.156667	  0.038333	
  0.000000	  1.000000	  0.000000	  0.000000	
  0.000000	  0.005000	  0.988333	  0.006667	
  0.000000	  0.001667	  0.168333	  0.830000	
  0.301667	  0.210000	  0.310000	  0.178333	
  0.301667	  0.175000	  0.240000	  0.283333	
  0.285000	  0.266667	  0.126667	  0.321667	
  0.296667	  0.273333	  0.180000	  0.250000	
  0.226667	  0.188333	  0.218333	  0.366667	
  0.203333	  0.356667	  0.108333	  0.331667	
  0.238333	  0.273333	  0.196667	  0.291667	
  0.523333	  0.451667	  0.008333	  0.016667	
  0.046667	  0.881667	  0.056667	  0.015000	
  0.023333	  0.000000	  0.938333	  0.038333	
  0.080000	  0.356667	  0.233333	  0.330000	
  0.218333	  0.385000	  0.010000	  0.386667	
  0.590000	  0.013333	  0.320000	  0.076667	
  0.113333	  0.421667	  0.053333	  0.411667	

