MEME version 4.4

ALPHABET= ACGT

strands: + -

Background letter frequencies (from /mnt/thumper-e1/home/shhuang/projects/dap/analysis.v4/gem07_rep_memechip03/HMG_tnt/3XHMGBOX1_col_a/background):
A 0.25700 C 0.24300 G 0.24300 T 0.25700 

MOTIF HMG_tnt.3XHMGBOX1_col_a_m1 MEME

letter-probability matrix: alength= 4 w= 21 nsites= 396 E= 5.4e-313
  0.406566	  0.186869	  0.308081	  0.098485	
  0.111111	  0.691919	  0.000000	  0.196970	
  0.000000	  0.000000	  0.987374	  0.012626	
  0.116162	  0.000000	  0.883838	  0.000000	
  0.078283	  0.712121	  0.000000	  0.209596	
  0.000000	  0.000000	  0.974747	  0.025253	
  0.136364	  0.000000	  0.835859	  0.027778	
  0.353535	  0.325758	  0.042929	  0.277778	
  0.095960	  0.002525	  0.719697	  0.181818	
  0.338384	  0.123737	  0.434343	  0.103535	
  0.409091	  0.171717	  0.055556	  0.363636	
  0.237374	  0.083333	  0.452020	  0.227273	
  0.257576	  0.146465	  0.429293	  0.166667	
  0.252525	  0.320707	  0.189394	  0.237374	
  0.169192	  0.128788	  0.565657	  0.136364	
  0.186869	  0.174242	  0.545455	  0.093434	
  0.227273	  0.330808	  0.222222	  0.219697	
  0.265152	  0.101010	  0.530303	  0.103535	
  0.252525	  0.118687	  0.477273	  0.151515	
  0.308081	  0.247475	  0.156566	  0.287879	
  0.184343	  0.078283	  0.502525	  0.234848	

