MEME version 4.4

ALPHABET= ACGT

strands: + -

Background letter frequencies (from /mnt/thumper-e1/home/shhuang/projects/dap/analysis.v4/gem07_rep_memechip03/FHA_tnt/FHA2_col_b/background):
A 0.30800 C 0.19200 G 0.19200 T 0.30800 

MOTIF FHA_tnt.FHA2_col_b_m1 MEME

letter-probability matrix: alength= 4 w= 21 nsites= 51 E= 3.6e-105
  0.215686	  0.000000	  0.019608	  0.764706	
  0.549020	  0.019608	  0.372549	  0.058824	
  0.392157	  0.156863	  0.196078	  0.254902	
  0.000000	  0.960784	  0.000000	  0.039216	
  0.000000	  0.000000	  0.509804	  0.490196	
  0.000000	  0.000000	  0.000000	  1.000000	
  0.078431	  0.254902	  0.666667	  0.000000	
  0.000000	  0.078431	  0.019608	  0.901961	
  0.196078	  0.196078	  0.196078	  0.411765	
  0.196078	  0.450980	  0.215686	  0.137255	
  0.215686	  0.235294	  0.156863	  0.392157	
  0.607843	  0.000000	  0.333333	  0.058824	
  0.000000	  0.568627	  0.058824	  0.372549	
  1.000000	  0.000000	  0.000000	  0.000000	
  0.215686	  0.784314	  0.000000	  0.000000	
  0.000000	  0.019608	  0.980392	  0.000000	
  0.137255	  0.666667	  0.019608	  0.176471	
  0.098039	  0.019608	  0.058824	  0.823529	
  0.588235	  0.000000	  0.000000	  0.411765	
  0.274510	  0.509804	  0.019608	  0.196078	
  0.098039	  0.431373	  0.098039	  0.372549	

