MEME version 4.4

ALPHABET= ACGT

strands: + -

Background letter frequencies (from /mnt/thumper-e1/home/shhuang/projects/dap/analysis.v4/gem07_rep_memechip03/Orphan_tnt/BBX31_col_a/background):
A 0.35400 C 0.14600 G 0.14600 T 0.35400 

MOTIF Orphan_tnt.BBX31_col_a_m1 MEME

letter-probability matrix: alength= 4 w= 15 nsites= 600 E= 1.4e-569
  0.795000	  0.043333	  0.110000	  0.051667	
  0.805000	  0.001667	  0.001667	  0.191667	
  1.000000	  0.000000	  0.000000	  0.000000	
  1.000000	  0.000000	  0.000000	  0.000000	
  0.913333	  0.000000	  0.086667	  0.000000	
  0.000000	  0.000000	  1.000000	  0.000000	
  0.196667	  0.156667	  0.110000	  0.536667	
  0.570000	  0.038333	  0.158333	  0.233333	
  0.773333	  0.001667	  0.190000	  0.035000	
  0.766667	  0.045000	  0.085000	  0.103333	
  0.710000	  0.041667	  0.073333	  0.175000	
  0.623333	  0.025000	  0.200000	  0.151667	
  0.465000	  0.090000	  0.248333	  0.196667	
  0.386667	  0.125000	  0.218333	  0.270000	
  0.501667	  0.051667	  0.186667	  0.260000	

