MEME version 4.4

ALPHABET= ACGT

strands: + -

Background letter frequencies (from /mnt/thumper-e1/home/shhuang/projects/dap/analysis.v4/gem07_rep_memechip03/AP2EREBP_tnt/RAP21_col_a/background):
A 0.26000 C 0.24000 G 0.24000 T 0.26000 

MOTIF AP2EREBP_tnt.RAP21_col_a_m1 MEME

letter-probability matrix: alength= 4 w= 13 nsites= 590 E= 1.4e-1012
  0.293220	  0.055932	  0.377966	  0.272881	
  0.091525	  0.144068	  0.101695	  0.662712	
  0.000000	  0.000000	  0.998305	  0.001695	
  0.103390	  0.001695	  0.250847	  0.644068	
  0.000000	  1.000000	  0.000000	  0.000000	
  0.000000	  0.000000	  1.000000	  0.000000	
  0.000000	  0.000000	  1.000000	  0.000000	
  0.000000	  0.267797	  0.000000	  0.732203	
  0.000000	  0.000000	  0.961017	  0.038983	
  0.194915	  0.128814	  0.615254	  0.061017	
  0.289831	  0.311864	  0.083051	  0.315254	
  0.186441	  0.106780	  0.513559	  0.193220	
  0.269492	  0.125424	  0.413559	  0.191525	

