MEME version 4.4

ALPHABET= ACGT

strands: + -

Background letter frequencies (from /mnt/thumper-e1/home/shhuang/projects/dap/analysis.v4/gem07_rep_memechip03/HMG_tnt/3XHMGBOX1_colamp_a/background):
A 0.25000 C 0.25000 G 0.25000 T 0.25000 

MOTIF HMG_tnt.3XHMGBOX1_colamp_a_m1 MEME

letter-probability matrix: alength= 4 w= 15 nsites= 416 E= 1.6e-591
  0.399038	  0.132212	  0.161058	  0.307692	
  0.007212	  0.759615	  0.007212	  0.225962	
  0.021635	  0.978365	  0.000000	  0.000000	
  0.550481	  0.000000	  0.201923	  0.247596	
  0.016827	  0.848558	  0.014423	  0.120192	
  0.040865	  0.906250	  0.002404	  0.050481	
  0.627404	  0.000000	  0.206731	  0.165865	
  0.117788	  0.697115	  0.028846	  0.156250	
  0.091346	  0.838942	  0.019231	  0.050481	
  0.528846	  0.019231	  0.259615	  0.192308	
  0.024038	  0.728365	  0.084135	  0.163462	
  0.100962	  0.814904	  0.000000	  0.084135	
  0.485577	  0.000000	  0.185096	  0.329327	
  0.031250	  0.831731	  0.038462	  0.098558	
  0.091346	  0.805288	  0.009615	  0.093750	

