MEME version 4.4

ALPHABET= ACGT

strands: + -

Background letter frequencies (from /mnt/thumper-e1/home/shhuang/projects/dap/analysis.v4/gem07_rep_memechip03/NAC_tnt/ANAC079_col/background):
A 0.31300 C 0.18700 G 0.18700 T 0.31300 

MOTIF NAC_tnt.ANAC079_col_m1 MEME

letter-probability matrix: alength= 4 w= 21 nsites= 561 E= 4.4e-1465
  0.324421	  0.083779	  0.447415	  0.144385	
  0.139037	  0.000000	  0.000000	  0.860963	
  0.411765	  0.005348	  0.144385	  0.438503	
  0.531194	  0.048128	  0.352941	  0.067736	
  0.023173	  0.976827	  0.000000	  0.000000	
  0.000000	  0.000000	  0.693405	  0.306595	
  0.000000	  0.000000	  0.000000	  1.000000	
  0.185383	  0.014260	  0.800357	  0.000000	
  0.185383	  0.144385	  0.039216	  0.631016	
  0.360071	  0.098039	  0.297683	  0.244207	
  0.233512	  0.160428	  0.327986	  0.278075	
  0.356506	  0.204991	  0.237077	  0.201426	
  0.629234	  0.030303	  0.172906	  0.167558	
  0.032086	  0.623886	  0.180036	  0.163993	
  0.962567	  0.003565	  0.001783	  0.032086	
  0.625668	  0.358289	  0.012478	  0.003565	
  0.007130	  0.000000	  0.973262	  0.019608	
  0.244207	  0.237077	  0.163993	  0.354724	
  0.623886	  0.158645	  0.019608	  0.197861	
  0.950089	  0.003565	  0.001783	  0.044563	
  0.294118	  0.301248	  0.149733	  0.254902	

