MEME version 4.4

ALPHABET= ACGT

strands: + -

Background letter frequencies (from /mnt/thumper-e1/home/shhuang/projects/dap/analysis.v4/gem07_rep_memechip03/C2C2dof_tnt/At3g45610_colamp_a/background):
A 0.33800 C 0.16200 G 0.16200 T 0.33800 

MOTIF C2C2dof_tnt.At3g45610_colamp_a_m1 MEME

letter-probability matrix: alength= 4 w= 15 nsites= 600 E= 2.5e-497
  0.225000	  0.203333	  0.163333	  0.408333	
  0.246667	  0.126667	  0.126667	  0.500000	
  0.215000	  0.188333	  0.096667	  0.500000	
  0.220000	  0.116667	  0.145000	  0.518333	
  0.198333	  0.091667	  0.168333	  0.541667	
  0.065000	  0.213333	  0.043333	  0.678333	
  0.343333	  0.168333	  0.116667	  0.371667	
  0.433333	  0.330000	  0.138333	  0.098333	
  0.000000	  1.000000	  0.000000	  0.000000	
  0.000000	  0.001667	  0.000000	  0.998333	
  0.000000	  0.000000	  0.000000	  1.000000	
  0.000000	  0.000000	  0.000000	  1.000000	
  0.230000	  0.000000	  0.003333	  0.766667	
  0.021667	  0.101667	  0.046667	  0.830000	
  0.111667	  0.326667	  0.370000	  0.191667	

