MEME version 4.4

ALPHABET= ACGT

strands: + -

Background letter frequencies (from /mnt/thumper-e1/home/shhuang/projects/dap/analysis.v4/gem07_rep_memechip03/C2C2dof_tnt/DAG2_colamp_a/background):
A 0.33900 C 0.16100 G 0.16100 T 0.33900 

MOTIF C2C2dof_tnt.DAG2_colamp_a_m1 MEME

letter-probability matrix: alength= 4 w= 13 nsites= 598 E= 5.8e-528
  0.234114	  0.319398	  0.239130	  0.207358	
  0.884615	  0.003344	  0.070234	  0.041806	
  0.764214	  0.000000	  0.000000	  0.235786	
  1.000000	  0.000000	  0.000000	  0.000000	
  1.000000	  0.000000	  0.000000	  0.000000	
  0.996656	  0.000000	  0.003344	  0.000000	
  0.000000	  0.000000	  1.000000	  0.000000	
  0.001672	  0.035117	  0.357860	  0.605351	
  0.237458	  0.117057	  0.265886	  0.379599	
  0.673913	  0.041806	  0.204013	  0.080268	
  0.501672	  0.193980	  0.065217	  0.239130	
  0.397993	  0.137124	  0.076923	  0.387960	
  0.361204	  0.096990	  0.143813	  0.397993	

