MEME version 4.4

ALPHABET= ACGT

strands: + -

Background letter frequencies (from /mnt/thumper-e1/home/shhuang/projects/dap/analysis.v4/gem07_rep_memechip03/WRKY_tnt/WRKY47_colamp_a/background):
A 0.31300 C 0.18700 G 0.18700 T 0.31300 

MOTIF WRKY_tnt.WRKY47_colamp_a_m1 MEME

letter-probability matrix: alength= 4 w= 19 nsites= 551 E= 8.8e-847
  0.422868	  0.201452	  0.172414	  0.203267	
  0.413793	  0.219601	  0.128857	  0.237750	
  0.241379	  0.257713	  0.166969	  0.333938	
  0.272232	  0.245009	  0.156080	  0.326679	
  0.382940	  0.096189	  0.272232	  0.248639	
  0.221416	  0.185118	  0.295826	  0.297641	
  0.181488	  0.633394	  0.078040	  0.107078	
  0.034483	  0.000000	  0.836661	  0.128857	
  0.018149	  0.000000	  0.000000	  0.981851	
  0.005445	  0.009074	  0.000000	  0.985481	
  0.000000	  0.003630	  0.989111	  0.007260	
  0.960073	  0.000000	  0.038113	  0.001815	
  0.005445	  0.987296	  0.003630	  0.003630	
  0.009074	  0.304900	  0.009074	  0.676951	
  0.301270	  0.088929	  0.107078	  0.502722	
  0.259528	  0.094374	  0.159710	  0.486388	
  0.217786	  0.136116	  0.257713	  0.388385	
  0.230490	  0.139746	  0.212341	  0.417423	
  0.185118	  0.223230	  0.181488	  0.410163	

