MEME version 4.4

ALPHABET= ACGT

strands: + -

Background letter frequencies (from /mnt/thumper-e1/home/shhuang/projects/dap/analysis.v4/gem07_rep_memechip03/AP2EREBP_tnt/At2g33710_colamp_a/background):
A 0.25600 C 0.24400 G 0.24400 T 0.25600 

MOTIF AP2EREBP_tnt.At2g33710_colamp_a_m1 MEME

letter-probability matrix: alength= 4 w= 18 nsites= 600 E= 7.4e-1003
  0.275000	  0.120000	  0.255000	  0.350000	
  0.116667	  0.485000	  0.150000	  0.248333	
  0.138333	  0.771667	  0.048333	  0.041667	
  0.046667	  0.016667	  0.751667	  0.185000	
  0.000000	  0.795000	  0.181667	  0.023333	
  0.030000	  0.966667	  0.003333	  0.000000	
  0.006667	  0.000000	  0.993333	  0.000000	
  0.006667	  0.943333	  0.010000	  0.040000	
  0.041667	  0.956667	  0.001667	  0.000000	
  0.175000	  0.005000	  0.783333	  0.036667	
  0.065000	  0.441667	  0.056667	  0.436667	
  0.313333	  0.401667	  0.041667	  0.243333	
  0.460000	  0.030000	  0.215000	  0.295000	
  0.196667	  0.368333	  0.070000	  0.365000	
  0.283333	  0.343333	  0.091667	  0.281667	
  0.216667	  0.101667	  0.340000	  0.341667	
  0.143333	  0.410000	  0.170000	  0.276667	
  0.258333	  0.415000	  0.108333	  0.218333	

