MEME version 4.4

ALPHABET= ACGT

strands: + -

Background letter frequencies (from /mnt/thumper-e1/home/shhuang/projects/dap/analysis.v4/gem07_rep_memechip03/HSF_tnt/HSFA1E_col_a/background):
A 0.29700 C 0.20300 G 0.20300 T 0.29700 

MOTIF HSF_tnt.HSFA1E_col_a_m1 MEME

letter-probability matrix: alength= 4 w= 13 nsites= 508 E= 5.1e-1274
  0.637795	  0.059055	  0.255906	  0.047244	
  0.000000	  0.000000	  0.992126	  0.007874	
  0.988189	  0.000000	  0.003937	  0.007874	
  0.931102	  0.001969	  0.027559	  0.039370	
  0.149606	  0.167323	  0.553150	  0.129921	
  0.190945	  0.397638	  0.238189	  0.173228	
  0.120079	  0.039370	  0.013780	  0.826772	
  0.017717	  0.000000	  0.003937	  0.978346	
  0.001969	  0.994094	  0.003937	  0.000000	
  0.001969	  0.125984	  0.043307	  0.828740	
  0.797244	  0.029528	  0.169291	  0.003937	
  0.011811	  0.000000	  0.986220	  0.001969	
  0.978346	  0.009843	  0.007874	  0.003937	

