MEME version 4.4

ALPHABET= ACGT

strands: + -

Background letter frequencies (from /mnt/thumper-e1/home/shhuang/projects/dap/analysis.v4/gem07_rep_memechip03/MYBrelated_tnt/AT1G18960_col_a/background):
A 0.29000 C 0.20900 G 0.20900 T 0.29000 

MOTIF MYBrelated_tnt.AT1G18960_col_a_m1 MEME

letter-probability matrix: alength= 4 w= 22 nsites= 171 E= 7.6e-160
  0.169591	  0.339181	  0.216374	  0.274854	
  0.497076	  0.134503	  0.152047	  0.216374	
  0.362573	  0.163743	  0.233918	  0.239766	
  0.269006	  0.391813	  0.087719	  0.251462	
  0.426901	  0.163743	  0.181287	  0.228070	
  0.257310	  0.228070	  0.181287	  0.333333	
  0.298246	  0.350877	  0.076023	  0.274854	
  0.444444	  0.134503	  0.122807	  0.298246	
  0.298246	  0.175439	  0.169591	  0.356725	
  0.000000	  1.000000	  0.000000	  0.000000	
  0.959064	  0.040936	  0.000000	  0.000000	
  0.584795	  0.356725	  0.058480	  0.000000	
  0.000000	  0.976608	  0.023392	  0.000000	
  0.959064	  0.000000	  0.000000	  0.040936	
  0.929825	  0.070175	  0.000000	  0.000000	
  0.000000	  0.994152	  0.000000	  0.005848	
  0.526316	  0.163743	  0.140351	  0.169591	
  0.280702	  0.210526	  0.140351	  0.368421	
  0.216374	  0.298246	  0.222222	  0.263158	
  0.432749	  0.152047	  0.187135	  0.228070	
  0.251462	  0.286550	  0.181287	  0.280702	
  0.263158	  0.385965	  0.087719	  0.263158	

