MEME version 4.4

ALPHABET= ACGT

strands: + -

Background letter frequencies (from /mnt/thumper-e1/home/shhuang/projects/dap/analysis.v4/gem07_rep_memechip03/Trihelix_tnt/AT5G05550_colamp_a/background):
A 0.26100 C 0.23900 G 0.23900 T 0.26100 

MOTIF Trihelix_tnt.AT5G05550_colamp_a_m1 MEME

letter-probability matrix: alength= 4 w= 15 nsites= 590 E= 3.0e-998
  0.298305	  0.255932	  0.120339	  0.325424	
  0.376271	  0.094915	  0.177966	  0.350847	
  0.232203	  0.116949	  0.079661	  0.571186	
  0.011864	  0.615254	  0.023729	  0.349153	
  0.100000	  0.011864	  0.174576	  0.713559	
  0.000000	  0.998305	  0.000000	  0.001695	
  0.000000	  1.000000	  0.000000	  0.000000	
  0.000000	  0.000000	  1.000000	  0.000000	
  0.049153	  0.084746	  0.849153	  0.016949	
  0.000000	  0.813559	  0.000000	  0.186441	
  0.076271	  0.013559	  0.910169	  0.000000	
  0.671186	  0.038983	  0.194915	  0.094915	
  0.196610	  0.325424	  0.159322	  0.318644	
  0.313559	  0.084746	  0.471186	  0.130508	
  0.362712	  0.105085	  0.216949	  0.315254	

