MEME version 4.4

ALPHABET= ACGT

strands: + -

Background letter frequencies (from /mnt/thumper-e1/home/shhuang/projects/dap/analysis.v4/gem07_rep_memechip03/AP2EREBP_tnt/ERF11_col_b/background):
A 0.23700 C 0.26300 G 0.26300 T 0.23700 

MOTIF AP2EREBP_tnt.ERF11_col_b_m1 MEME

letter-probability matrix: alength= 4 w= 15 nsites= 596 E= 6.0e-1111
  0.130872	  0.510067	  0.134228	  0.224832	
  0.197987	  0.530201	  0.063758	  0.208054	
  0.318792	  0.130872	  0.241611	  0.308725	
  0.082215	  0.546980	  0.124161	  0.246644	
  0.088926	  0.840604	  0.006711	  0.063758	
  0.139262	  0.005034	  0.535235	  0.320470	
  0.006711	  0.879195	  0.090604	  0.023490	
  0.018456	  0.979866	  0.001678	  0.000000	
  0.041946	  0.000000	  0.958054	  0.000000	
  0.000000	  0.963087	  0.015101	  0.021812	
  0.000000	  1.000000	  0.000000	  0.000000	
  0.065436	  0.000000	  0.907718	  0.026846	
  0.011745	  0.588926	  0.013423	  0.385906	
  0.189597	  0.592282	  0.040268	  0.177852	
  0.528523	  0.033557	  0.229866	  0.208054	

