MEME version 4.4

ALPHABET= ACGT

strands: + -

Background letter frequencies (from /mnt/thumper-e1/home/shhuang/projects/dap/analysis.v4/gem07_rep_memechip03/ZFHD_tnt/ATHB24_colamp_a/background):
A 0.38800 C 0.11200 G 0.11200 T 0.38800 

MOTIF ZFHD_tnt.ATHB24_colamp_a_m1 MEME

letter-probability matrix: alength= 4 w= 15 nsites= 600 E= 1.9e-271
  0.666667	  0.080000	  0.046667	  0.206667	
  0.590000	  0.088333	  0.078333	  0.243333	
  0.491667	  0.088333	  0.078333	  0.341667	
  0.393333	  0.185000	  0.136667	  0.285000	
  0.400000	  0.065000	  0.333333	  0.201667	
  0.010000	  0.023333	  0.000000	  0.966667	
  0.826667	  0.016667	  0.156667	  0.000000	
  0.986667	  0.000000	  0.013333	  0.000000	
  0.000000	  0.000000	  0.000000	  1.000000	
  0.000000	  0.000000	  0.000000	  1.000000	
  0.995000	  0.000000	  0.003333	  0.001667	
  0.751667	  0.000000	  0.223333	  0.025000	
  0.111667	  0.168333	  0.226667	  0.493333	
  0.303333	  0.115000	  0.205000	  0.376667	
  0.566667	  0.063333	  0.103333	  0.266667	

