MEME version 4.4

ALPHABET= ACGT

strands: + -

Background letter frequencies (from /mnt/thumper-e1/home/shhuang/projects/dap/analysis.v4/gem07_rep_memechip03/ARID_tnt/At1g76110_colamp_a/background):
A 0.37800 C 0.12200 G 0.12200 T 0.37800 

MOTIF ARID_tnt.At1g76110_colamp_a_m1 MEME

letter-probability matrix: alength= 4 w= 15 nsites= 387 E= 1.8e-134
  0.971576	  0.000000	  0.028424	  0.000000	
  0.000000	  0.000000	  0.010336	  0.989664	
  0.093023	  0.111111	  0.124031	  0.671835	
  0.578811	  0.043928	  0.074935	  0.302326	
  0.651163	  0.077519	  0.134367	  0.136951	
  0.341085	  0.077519	  0.121447	  0.459948	
  0.341085	  0.237726	  0.183463	  0.237726	
  0.860465	  0.025840	  0.059432	  0.054264	
  0.010336	  0.000000	  0.023256	  0.966408	
  0.000000	  0.059432	  0.072351	  0.868217	
  0.444444	  0.000000	  0.056848	  0.498708	
  0.906977	  0.000000	  0.093023	  0.000000	
  1.000000	  0.000000	  0.000000	  0.000000	
  0.000000	  0.000000	  0.000000	  1.000000	
  0.245478	  0.108527	  0.149871	  0.496124	

