MEME version 4.4

ALPHABET= ACGT

strands: + -

Background letter frequencies (from /mnt/thumper-e1/home/shhuang/projects/dap/analysis.v4/gem07_rep_memechip03/Trihelix_tnt/GT3a_col_a/background):
A 0.33200 C 0.16800 G 0.16800 T 0.33200 

MOTIF Trihelix_tnt.GT3a_col_a_m1 MEME

letter-probability matrix: alength= 4 w= 17 nsites= 371 E= 1.7e-530
  0.390836	  0.194070	  0.258760	  0.156334	
  0.417790	  0.185984	  0.264151	  0.132075	
  0.029650	  0.970350	  0.000000	  0.000000	
  1.000000	  0.000000	  0.000000	  0.000000	
  0.000000	  0.884097	  0.000000	  0.115903	
  0.000000	  0.000000	  1.000000	  0.000000	
  0.000000	  0.000000	  0.000000	  1.000000	
  0.000000	  0.000000	  0.873315	  0.126685	
  0.145553	  0.107817	  0.204852	  0.541779	
  0.285714	  0.221024	  0.153639	  0.339623	
  0.493261	  0.040431	  0.107817	  0.358491	
  0.549865	  0.177898	  0.037736	  0.234501	
  0.698113	  0.010782	  0.000000	  0.291105	
  0.288410	  0.172507	  0.010782	  0.528302	
  0.350404	  0.008086	  0.280323	  0.361186	
  0.215633	  0.113208	  0.097035	  0.574124	
  0.245283	  0.113208	  0.377358	  0.264151	

