MEME version 4.4

ALPHABET= ACGT

strands: + -

Background letter frequencies (from /mnt/thumper-e1/home/shhuang/projects/dap/analysis.v4/gem07_rep_memechip03/AP2EREBP_tnt/RAP21_colamp_a/background):
A 0.27200 C 0.22800 G 0.22800 T 0.27200 

MOTIF AP2EREBP_tnt.RAP21_colamp_a_m1 MEME

letter-probability matrix: alength= 4 w= 20 nsites= 582 E= 8.5e-1015
  0.223368	  0.333333	  0.142612	  0.300687	
  0.216495	  0.446735	  0.104811	  0.231959	
  0.261168	  0.120275	  0.300687	  0.317869	
  0.109966	  0.445017	  0.149485	  0.295533	
  0.049828	  0.903780	  0.013746	  0.032646	
  0.754296	  0.000000	  0.245704	  0.000000	
  0.000000	  1.000000	  0.000000	  0.000000	
  0.000000	  1.000000	  0.000000	  0.000000	
  0.000000	  0.000000	  1.000000	  0.000000	
  0.781787	  0.158076	  0.001718	  0.058419	
  0.000000	  1.000000	  0.000000	  0.000000	
  0.692440	  0.139175	  0.092784	  0.075601	
  0.329897	  0.211340	  0.061856	  0.396907	
  0.286942	  0.268041	  0.123711	  0.321306	
  0.292096	  0.108247	  0.274914	  0.324742	
  0.249141	  0.340206	  0.164948	  0.245704	
  0.216495	  0.407216	  0.151203	  0.225086	
  0.293814	  0.242268	  0.235395	  0.228522	
  0.235395	  0.319588	  0.147766	  0.297251	
  0.204467	  0.364261	  0.154639	  0.276632	

