MEME version 4.4

ALPHABET= ACGT

strands: + -

Background letter frequencies (from /mnt/thumper-e1/home/shhuang/projects/dap/analysis.v4/gem07_rep_memechip03/WRKY_tnt/WRKY22_colamp_a/background):
A 0.32800 C 0.17200 G 0.17200 T 0.32800 

MOTIF WRKY_tnt.WRKY22_colamp_a_m1 MEME

letter-probability matrix: alength= 4 w= 13 nsites= 600 E= 3.2e-1465
  0.490000	  0.106667	  0.191667	  0.211667	
  0.246667	  0.163333	  0.265000	  0.325000	
  0.330000	  0.480000	  0.108333	  0.081667	
  0.041667	  0.001667	  0.863333	  0.093333	
  0.000000	  0.000000	  0.000000	  1.000000	
  0.000000	  0.000000	  0.000000	  1.000000	
  0.000000	  0.000000	  1.000000	  0.000000	
  1.000000	  0.000000	  0.000000	  0.000000	
  0.000000	  1.000000	  0.000000	  0.000000	
  0.015000	  0.038333	  0.000000	  0.946667	
  0.070000	  0.011667	  0.003333	  0.915000	
  0.065000	  0.035000	  0.023333	  0.876667	
  0.101667	  0.101667	  0.145000	  0.651667	

