MEME version 4.4

ALPHABET= ACGT

strands: + -

Background letter frequencies (from /mnt/thumper-e1/home/shhuang/projects/dap/analysis.v4/gem07_rep_memechip03/AP2EREBP_tnt/ESE3_colamp_a/background):
A 0.24800 C 0.25200 G 0.25200 T 0.24800 

MOTIF AP2EREBP_tnt.ESE3_colamp_a_m1 MEME

letter-probability matrix: alength= 4 w= 15 nsites= 600 E= 5.8e-1081
  0.220000	  0.058333	  0.460000	  0.261667	
  0.221667	  0.263333	  0.063333	  0.451667	
  0.225000	  0.023333	  0.533333	  0.218333	
  0.260000	  0.041667	  0.610000	  0.088333	
  0.000000	  0.971667	  0.000000	  0.028333	
  0.000000	  0.000000	  0.995000	  0.005000	
  0.005000	  0.003333	  0.991667	  0.000000	
  0.008333	  0.758333	  0.000000	  0.233333	
  0.000000	  0.000000	  0.988333	  0.011667	
  0.015000	  0.105000	  0.861667	  0.018333	
  0.416667	  0.418333	  0.013333	  0.151667	
  0.108333	  0.018333	  0.808333	  0.065000	
  0.236667	  0.118333	  0.565000	  0.080000	
  0.370000	  0.240000	  0.086667	  0.303333	
  0.186667	  0.056667	  0.551667	  0.205000	

