MEME version 4.4

ALPHABET= ACGT

strands: + -

Background letter frequencies (from /mnt/thumper-e1/home/shhuang/projects/dap/analysis.v4/gem07_rep_memechip03/WRKY_tnt/WRKY20_col_a/background):
A 0.30900 C 0.19100 G 0.19100 T 0.30900 

MOTIF WRKY_tnt.WRKY20_col_a_m1 MEME

letter-probability matrix: alength= 4 w= 13 nsites= 600 E= 5.8e-982
  0.391667	  0.091667	  0.261667	  0.255000	
  0.270000	  0.251667	  0.260000	  0.218333	
  0.056667	  0.696667	  0.123333	  0.123333	
  0.018333	  0.005000	  0.700000	  0.276667	
  0.003333	  0.001667	  0.000000	  0.995000	
  0.000000	  0.001667	  0.000000	  0.998333	
  0.000000	  0.000000	  1.000000	  0.000000	
  0.998333	  0.000000	  0.001667	  0.000000	
  0.001667	  0.998333	  0.000000	  0.000000	
  0.000000	  0.450000	  0.000000	  0.550000	
  0.385000	  0.063333	  0.180000	  0.371667	
  0.266667	  0.066667	  0.226667	  0.440000	
  0.260000	  0.113333	  0.211667	  0.415000	

