MEME version 4.4

ALPHABET= ACGT

strands: + -

Background letter frequencies (from /mnt/thumper-e1/home/shhuang/projects/dap/analysis.v4/gem07_rep_memechip03/AP2EREBP_tnt/ERF3_col_a/background):
A 0.24400 C 0.25600 G 0.25600 T 0.24400 

MOTIF AP2EREBP_tnt.ERF3_col_a_m1 MEME

letter-probability matrix: alength= 4 w= 15 nsites= 596 E= 2.1e-1155
  0.209732	  0.251678	  0.025168	  0.513423	
  0.174497	  0.028523	  0.620805	  0.176174	
  0.399329	  0.003356	  0.580537	  0.016779	
  0.013423	  0.954698	  0.000000	  0.031879	
  0.000000	  0.000000	  1.000000	  0.000000	
  0.006711	  0.015101	  0.976510	  0.001678	
  0.000000	  0.939597	  0.000000	  0.060403	
  0.001678	  0.000000	  0.953020	  0.045302	
  0.045302	  0.100671	  0.843960	  0.010067	
  0.310403	  0.558725	  0.015101	  0.115772	
  0.058725	  0.030201	  0.842282	  0.068792	
  0.258389	  0.105705	  0.533557	  0.102349	
  0.302013	  0.275168	  0.112416	  0.310403	
  0.192953	  0.075503	  0.508389	  0.223154	
  0.228188	  0.105705	  0.535235	  0.130872	

