MEME version 4.4

ALPHABET= ACGT

strands: + -

Background letter frequencies (from /mnt/thumper-e1/home/shhuang/projects/dap/analysis.v4/gem07_rep_memechip03/ZFHD_tnt/ATHB24_col_a/background):
A 0.37800 C 0.12200 G 0.12200 T 0.37800 

MOTIF ZFHD_tnt.ATHB24_col_a_m1 MEME

letter-probability matrix: alength= 4 w= 15 nsites= 600 E= 2.9e-298
  0.613333	  0.075000	  0.048333	  0.263333	
  0.595000	  0.105000	  0.090000	  0.210000	
  0.433333	  0.126667	  0.146667	  0.293333	
  0.298333	  0.255000	  0.126667	  0.320000	
  0.361667	  0.058333	  0.403333	  0.176667	
  0.020000	  0.021667	  0.003333	  0.955000	
  0.685000	  0.023333	  0.291667	  0.000000	
  0.975000	  0.000000	  0.021667	  0.003333	
  0.000000	  0.000000	  0.000000	  1.000000	
  0.000000	  0.000000	  0.000000	  1.000000	
  0.996667	  0.000000	  0.003333	  0.000000	
  0.656667	  0.011667	  0.320000	  0.011667	
  0.125000	  0.180000	  0.236667	  0.458333	
  0.278333	  0.121667	  0.266667	  0.333333	
  0.476667	  0.088333	  0.158333	  0.276667	

