MEME version 4.4

ALPHABET= ACGT

strands: + -

Background letter frequencies (from /mnt/thumper-e1/home/shhuang/projects/dap/analysis.v4/gem07_rep_memechip03/AP2EREBP_tnt/At5g18450_col_a/background):
A 0.23700 C 0.26300 G 0.26300 T 0.23700 

MOTIF AP2EREBP_tnt.At5g18450_col_a_m1 MEME

letter-probability matrix: alength= 4 w= 15 nsites= 587 E= 1.4e-1045
  0.161840	  0.069847	  0.608177	  0.160136	
  0.149915	  0.091993	  0.632027	  0.126065	
  0.233390	  0.304940	  0.098807	  0.362862	
  0.143101	  0.083475	  0.531516	  0.241908	
  0.166951	  0.071550	  0.657581	  0.103918	
  0.517888	  0.226576	  0.020443	  0.235094	
  0.315162	  0.000000	  0.672913	  0.011925	
  0.057922	  0.000000	  0.904600	  0.037479	
  0.035775	  0.867121	  0.000000	  0.097104	
  0.000000	  0.000000	  1.000000	  0.000000	
  0.000000	  0.000000	  1.000000	  0.000000	
  0.042589	  0.265758	  0.000000	  0.691652	
  0.000000	  0.000000	  0.994889	  0.005111	
  0.091993	  0.064736	  0.836457	  0.006814	
  0.403748	  0.265758	  0.085179	  0.245315	

