MEME version 4.4

ALPHABET= ACGT

strands: + -

Background letter frequencies (from /mnt/thumper-e1/home/shhuang/projects/dap/analysis.v4/gem07_rep_memechip03/NAC_tnt/NTM1_col_a/background):
A 0.31500 C 0.18500 G 0.18500 T 0.31500 

MOTIF NAC_tnt.NTM1_col_a_m1 MEME

letter-probability matrix: alength= 4 w= 15 nsites= 599 E= 2.1e-1299
  0.654424	  0.158598	  0.186978	  0.000000	
  0.000000	  1.000000	  0.000000	  0.000000	
  0.000000	  0.000000	  0.008347	  0.991653	
  0.000000	  0.000000	  0.000000	  1.000000	
  0.203673	  0.362270	  0.422371	  0.011686	
  0.098497	  0.215359	  0.066778	  0.619366	
  0.186978	  0.210351	  0.233723	  0.368948	
  0.118531	  0.410684	  0.150250	  0.320534	
  0.340568	  0.292154	  0.203673	  0.163606	
  0.300501	  0.278798	  0.143573	  0.277129	
  0.000000	  0.300501	  0.046745	  0.652755	
  1.000000	  0.000000	  0.000000	  0.000000	
  1.000000	  0.000000	  0.000000	  0.000000	
  0.000000	  0.000000	  1.000000	  0.000000	
  0.011686	  0.190317	  0.110184	  0.687813	

