MEME version 4.4

ALPHABET= ACGT

strands: + -

Background letter frequencies (from /mnt/thumper-e1/home/shhuang/projects/dap/analysis.v4/gem07_rep_memechip03/NAC_tnt/ANAC103_colamp_a/background):
A 0.30600 C 0.19400 G 0.19400 T 0.30600 

MOTIF NAC_tnt.ANAC103_colamp_a_m1 MEME

letter-probability matrix: alength= 4 w= 16 nsites= 597 E= 8.0e-1175
  0.000000	  0.000000	  0.108878	  0.891122	
  0.000000	  0.000000	  0.000000	  1.000000	
  0.030151	  0.048576	  0.884422	  0.036851	
  0.194305	  0.268007	  0.232831	  0.304858	
  0.286432	  0.108878	  0.182580	  0.422111	
  0.184255	  0.428811	  0.152429	  0.234506	
  0.396985	  0.269682	  0.107203	  0.226131	
  0.288107	  0.273032	  0.219430	  0.219430	
  0.025126	  0.889447	  0.053601	  0.031826	
  1.000000	  0.000000	  0.000000	  0.000000	
  0.802345	  0.195980	  0.001675	  0.000000	
  0.000000	  0.000000	  0.974874	  0.025126	
  0.030151	  0.246231	  0.016750	  0.706868	
  0.013400	  0.214405	  0.000000	  0.772194	
  0.504188	  0.008375	  0.006700	  0.480737	
  0.113903	  0.412060	  0.068677	  0.405360	

