MEME version 4.4

ALPHABET= ACGT

strands: + -

Background letter frequencies (from /mnt/thumper-e1/home/shhuang/projects/dap/analysis.v4/gem07_rep_memechip03/AP2EREBP_tnt/ERF115_colamp_a/background):
A 0.25500 C 0.24500 G 0.24500 T 0.25500 

MOTIF AP2EREBP_tnt.ERF115_colamp_a_m1 MEME

letter-probability matrix: alength= 4 w= 15 nsites= 598 E= 2.5e-1150
  0.229097	  0.100334	  0.566890	  0.103679	
  0.284281	  0.419732	  0.065217	  0.230769	
  0.329431	  0.068562	  0.369565	  0.232441	
  0.469900	  0.016722	  0.372910	  0.140468	
  0.137124	  0.262542	  0.015050	  0.585284	
  0.098662	  0.005017	  0.563545	  0.332776	
  0.294314	  0.015050	  0.663880	  0.026756	
  0.000000	  0.991639	  0.000000	  0.008361	
  0.000000	  0.000000	  0.983278	  0.016722	
  0.000000	  0.000000	  1.000000	  0.000000	
  0.005017	  0.979933	  0.000000	  0.015050	
  0.013378	  0.008361	  0.871237	  0.107023	
  0.075251	  0.195652	  0.705686	  0.023411	
  0.319398	  0.506689	  0.041806	  0.132107	
  0.123746	  0.043478	  0.677258	  0.155518	

