MEME version 4.4

ALPHABET= ACGT

strands: + -

Background letter frequencies (from /mnt/thumper-e1/home/shhuang/projects/dap/analysis.v4/gem07_rep_memechip03/FAR1_tnt/FAR1_col_a/background):
A 0.26600 C 0.23400 G 0.23400 T 0.26600 

MOTIF FAR1_tnt.FAR1_col_a_m1 MEME

letter-probability matrix: alength= 4 w= 15 nsites= 591 E= 2.4e-1330
  0.395939	  0.197970	  0.165821	  0.240271	
  0.206430	  0.323181	  0.164129	  0.306261	
  0.123519	  0.399323	  0.098139	  0.379019	
  0.213198	  0.326565	  0.021997	  0.438240	
  0.013536	  0.930626	  0.028765	  0.027073	
  1.000000	  0.000000	  0.000000	  0.000000	
  0.000000	  1.000000	  0.000000	  0.000000	
  0.000000	  0.000000	  1.000000	  0.000000	
  0.000000	  0.993232	  0.000000	  0.006768	
  0.000000	  0.000000	  0.998308	  0.001692	
  0.000000	  0.991540	  0.000000	  0.008460	
  0.045685	  0.543147	  0.084602	  0.326565	
  0.189509	  0.104907	  0.248731	  0.456853	
  0.245347	  0.358714	  0.138748	  0.257191	
  0.228426	  0.370558	  0.111675	  0.289340	

