MEME version 4.4

ALPHABET= ACGT

strands: + -

Background letter frequencies (from /mnt/thumper-e1/home/shhuang/projects/dap/analysis.v4/gem07_rep_memechip03/NAC_tnt/NTM1_colamp_a/background):
A 0.33900 C 0.16100 G 0.16100 T 0.33900 

MOTIF NAC_tnt.NTM1_colamp_a_m1 MEME

letter-probability matrix: alength= 4 w= 21 nsites= 598 E= 1.4e-626
  0.531773	  0.142140	  0.145485	  0.180602	
  0.458194	  0.165552	  0.192308	  0.183946	
  0.516722	  0.157191	  0.138796	  0.187291	
  0.613712	  0.090301	  0.138796	  0.157191	
  0.583612	  0.091973	  0.193980	  0.130435	
  0.598662	  0.078595	  0.173913	  0.148829	
  0.563545	  0.080268	  0.219064	  0.137124	
  0.483278	  0.113712	  0.192308	  0.210702	
  0.374582	  0.157191	  0.267559	  0.200669	
  0.277592	  0.229097	  0.294314	  0.198997	
  0.677258	  0.120401	  0.113712	  0.088629	
  0.809365	  0.000000	  0.025084	  0.165552	
  1.000000	  0.000000	  0.000000	  0.000000	
  1.000000	  0.000000	  0.000000	  0.000000	
  0.913043	  0.000000	  0.086957	  0.000000	
  0.000000	  0.000000	  1.000000	  0.000000	
  0.041806	  0.277592	  0.018395	  0.662207	
  0.635452	  0.028428	  0.202341	  0.133779	
  0.638796	  0.071906	  0.185619	  0.103679	
  0.546823	  0.192308	  0.095318	  0.165552	
  0.501672	  0.090301	  0.145485	  0.262542	

