MEME version 4.4

ALPHABET= ACGT

strands: + -

Background letter frequencies (from /mnt/thumper-e1/home/shhuang/projects/dap/analysis.v4/gem07_rep_memechip03/SBP_tnt/SPL15_col_a/background):
A 0.30900 C 0.19100 G 0.19100 T 0.30900 

MOTIF SBP_tnt.SPL15_col_a_m1 MEME

letter-probability matrix: alength= 4 w= 14 nsites= 246 E= 1.5e-441
  0.369919	  0.121951	  0.252033	  0.256098	
  0.451220	  0.134146	  0.174797	  0.239837	
  0.520325	  0.117886	  0.113821	  0.247967	
  0.158537	  0.235772	  0.134146	  0.471545	
  0.020325	  0.182927	  0.065041	  0.731707	
  0.020325	  0.000000	  0.979675	  0.000000	
  0.000000	  0.000000	  0.000000	  1.000000	
  1.000000	  0.000000	  0.000000	  0.000000	
  0.000000	  1.000000	  0.000000	  0.000000	
  0.000000	  0.000000	  0.991870	  0.008130	
  0.000000	  0.000000	  0.979675	  0.020325	
  0.890244	  0.016260	  0.012195	  0.081301	
  0.280488	  0.430894	  0.073171	  0.215447	
  0.382114	  0.178862	  0.268293	  0.170732	

