MEME version 4.4

ALPHABET= ACGT

strands: + -

Background letter frequencies (from /mnt/thumper-e1/home/shhuang/projects/dap/analysis.v4/gem07_rep_memechip03/C2C2dof_tnt/At1g64620_100ng20cy_b/background):
A 0.35100 C 0.14900 G 0.14900 T 0.35100 

MOTIF C2C2dof_tnt.At1g64620_100ng20cy_b_m1 MEME

letter-probability matrix: alength= 4 w= 19 nsites= 600 E= 1.8e-531
  0.505000	  0.083333	  0.133333	  0.278333	
  0.425000	  0.106667	  0.181667	  0.286667	
  0.470000	  0.146667	  0.181667	  0.201667	
  0.498333	  0.111667	  0.175000	  0.215000	
  0.480000	  0.133333	  0.188333	  0.198333	
  0.355000	  0.185000	  0.228333	  0.231667	
  0.295000	  0.281667	  0.213333	  0.210000	
  0.845000	  0.045000	  0.078333	  0.031667	
  0.855000	  0.000000	  0.000000	  0.145000	
  1.000000	  0.000000	  0.000000	  0.000000	
  1.000000	  0.000000	  0.000000	  0.000000	
  1.000000	  0.000000	  0.000000	  0.000000	
  0.000000	  0.000000	  1.000000	  0.000000	
  0.088333	  0.101667	  0.280000	  0.530000	
  0.388333	  0.046667	  0.176667	  0.388333	
  0.676667	  0.021667	  0.208333	  0.093333	
  0.625000	  0.098333	  0.083333	  0.193333	
  0.540000	  0.096667	  0.105000	  0.258333	
  0.496667	  0.085000	  0.130000	  0.288333	

