MEME version 4.4

ALPHABET= ACGT

strands: + -

Background letter frequencies (from /mnt/thumper-e1/home/shhuang/projects/dap/analysis.v4/gem07_rep_memechip03/HB_tnt/ATHB15_col_a/background):
A 0.34000 C 0.16000 G 0.16000 T 0.34000 

MOTIF HB_tnt.ATHB15_col_a_m1 MEME

letter-probability matrix: alength= 4 w= 15 nsites= 590 E= 3.1e-941
  0.449153	  0.072881	  0.267797	  0.210169	
  0.615254	  0.052542	  0.142373	  0.189831	
  0.454237	  0.059322	  0.101695	  0.384746	
  0.359322	  0.106780	  0.222034	  0.311864	
  0.337288	  0.077966	  0.557627	  0.027119	
  0.022034	  0.164407	  0.000000	  0.813559	
  0.877966	  0.001695	  0.115254	  0.005085	
  1.000000	  0.000000	  0.000000	  0.000000	
  0.000000	  0.000000	  0.000000	  1.000000	
  0.045763	  0.138983	  0.783051	  0.032203	
  1.000000	  0.000000	  0.000000	  0.000000	
  0.000000	  0.000000	  0.000000	  1.000000	
  0.016949	  0.000000	  0.369492	  0.613559	
  0.837288	  0.001695	  0.147458	  0.013559	
  0.164407	  0.420339	  0.106780	  0.308475	

