MEME version 4.4

ALPHABET= ACGT

strands: + -

Background letter frequencies (from /mnt/thumper-e1/home/shhuang/projects/dap/analysis.v4/gem07_rep_memechip03/NAC_tnt/ANAC028_col_a/background):
A 0.30100 C 0.19900 G 0.19900 T 0.30100 

MOTIF NAC_tnt.ANAC028_col_a_m1 MEME

letter-probability matrix: alength= 4 w= 16 nsites= 596 E= 1.5e-1147
  0.000000	  1.000000	  0.000000	  0.000000	
  0.000000	  0.000000	  0.135906	  0.864094	
  0.000000	  0.000000	  0.000000	  1.000000	
  0.035235	  0.315436	  0.590604	  0.058725	
  0.241611	  0.192953	  0.090604	  0.474832	
  0.226510	  0.203020	  0.260067	  0.310403	
  0.248322	  0.332215	  0.157718	  0.261745	
  0.199664	  0.317114	  0.112416	  0.370805	
  0.360738	  0.098993	  0.266779	  0.273490	
  0.006711	  0.733221	  0.120805	  0.139262	
  1.000000	  0.000000	  0.000000	  0.000000	
  0.602349	  0.397651	  0.000000	  0.000000	
  0.000000	  0.000000	  0.979866	  0.020134	
  0.134228	  0.308725	  0.085570	  0.471477	
  0.515101	  0.154362	  0.000000	  0.330537	
  0.848993	  0.000000	  0.001678	  0.149329	

