MEME version 4.4

ALPHABET= ACGT

strands: + -

Background letter frequencies (from /mnt/thumper-e1/home/shhuang/projects/dap/analysis.v4/gem07_rep_memechip03/MYB_tnt/MYB10_colamp_a/background):
A 0.31400 C 0.18600 G 0.18600 T 0.31400 

MOTIF MYB_tnt.MYB10_colamp_a_m1 MEME

letter-probability matrix: alength= 4 w= 14 nsites= 585 E= 1.3e-1026
  0.242735	  0.251282	  0.160684	  0.345299	
  0.099145	  0.312821	  0.116239	  0.471795	
  0.075214	  0.454701	  0.032479	  0.437607	
  0.017094	  0.707692	  0.018803	  0.256410	
  0.996581	  0.000000	  0.001709	  0.001709	
  0.008547	  0.991453	  0.000000	  0.000000	
  0.000000	  1.000000	  0.000000	  0.000000	
  0.350427	  0.003419	  0.000000	  0.646154	
  1.000000	  0.000000	  0.000000	  0.000000	
  0.333333	  0.663248	  0.003419	  0.000000	
  0.013675	  0.823932	  0.001709	  0.160684	
  0.456410	  0.165812	  0.051282	  0.326496	
  0.353846	  0.235897	  0.056410	  0.353846	
  0.328205	  0.213675	  0.109402	  0.348718	

