MEME version 4.4

ALPHABET= ACGT

strands: + -

Background letter frequencies (from /mnt/thumper-e1/home/shhuang/projects/dap/analysis.v4/gem07_rep_memechip03/ZFHD_tnt/ATHB34_colamp_a/background):
A 0.36100 C 0.13900 G 0.13900 T 0.36100 

MOTIF ZFHD_tnt.ATHB34_colamp_a_m1 MEME

letter-probability matrix: alength= 4 w= 15 nsites= 595 E= 3.7e-233
  0.393277	  0.092437	  0.023529	  0.490756	
  0.549580	  0.050420	  0.048739	  0.351261	
  0.596639	  0.075630	  0.100840	  0.226891	
  0.465546	  0.142857	  0.100840	  0.290756	
  0.389916	  0.171429	  0.196639	  0.242017	
  0.247059	  0.300840	  0.183193	  0.268908	
  0.329412	  0.168067	  0.211765	  0.290756	
  0.144538	  0.052101	  0.053782	  0.749580	
  0.452101	  0.035294	  0.512605	  0.000000	
  0.988235	  0.000000	  0.011765	  0.000000	
  0.000000	  0.000000	  0.000000	  1.000000	
  0.000000	  0.000000	  0.000000	  1.000000	
  1.000000	  0.000000	  0.000000	  0.000000	
  0.573109	  0.015126	  0.411765	  0.000000	
  0.114286	  0.252101	  0.220168	  0.413445	

