MEME version 4.4

ALPHABET= ACGT

strands: + -

Background letter frequencies (from /mnt/thumper-e1/home/shhuang/projects/dap/analysis.v4/gem07_rep_memechip03/bZIP_tnt/bZIP28_col_a/background):
A 0.28600 C 0.21400 G 0.21400 T 0.28600 

MOTIF bZIP_tnt.bZIP28_col_a_m1 MEME

letter-probability matrix: alength= 4 w= 15 nsites= 548 E= 9.0e-1068
  0.322993	  0.118613	  0.268248	  0.290146	
  0.313869	  0.197080	  0.187956	  0.301095	
  0.251825	  0.164234	  0.166058	  0.417883	
  0.228102	  0.071168	  0.463504	  0.237226	
  0.454380	  0.125912	  0.317518	  0.102190	
  0.231752	  0.144161	  0.005474	  0.618613	
  0.001825	  0.330292	  0.574818	  0.093066	
  0.996350	  0.000000	  0.003650	  0.000000	
  0.000000	  0.992701	  0.000000	  0.007299	
  0.007299	  0.000000	  0.992701	  0.000000	
  0.000000	  0.000000	  0.000000	  1.000000	
  0.010949	  0.000000	  0.989051	  0.000000	
  0.000000	  0.000000	  0.742701	  0.257299	
  0.162409	  0.786496	  0.001825	  0.049270	
  0.551095	  0.076642	  0.215328	  0.156934	

