MEME version 4.4

ALPHABET= ACGT

strands: + -

Background letter frequencies (from /mnt/thumper-e1/home/shhuang/projects/dap/analysis.v4/gem07_rep_memechip03/bZIP_tnt/ABI5_colamp_v3b/background):
A 0.27200 C 0.22800 G 0.22800 T 0.27200 

MOTIF bZIP_tnt.ABI5_colamp_v3b_m1 MEME

letter-probability matrix: alength= 4 w= 15 nsites= 583 E= 9.5e-1574
  0.375643	  0.094340	  0.296741	  0.233276	
  0.361921	  0.135506	  0.260720	  0.241852	
  0.259005	  0.087479	  0.130360	  0.523156	
  0.066895	  0.036021	  0.692967	  0.204117	
  0.262436	  0.212693	  0.490566	  0.034305	
  0.308748	  0.168096	  0.000000	  0.523156	
  0.000000	  0.476844	  0.506003	  0.017153	
  1.000000	  0.000000	  0.000000	  0.000000	
  0.000000	  1.000000	  0.000000	  0.000000	
  0.000000	  0.000000	  1.000000	  0.000000	
  0.001715	  0.000000	  0.000000	  0.998285	
  0.000000	  0.000000	  1.000000	  0.000000	
  0.000000	  0.000000	  0.766724	  0.233276	
  0.044597	  0.955403	  0.000000	  0.000000	
  0.665523	  0.077187	  0.204117	  0.053173	

