MEME version 4.4

ALPHABET= ACGT

strands: + -

Background letter frequencies (from /mnt/thumper-e1/home/shhuang/projects/dap/analysis.v4/gem07_rep_memechip03/bZIP_tnt/bZIP52_colamp_a/background):
A 0.30800 C 0.19200 G 0.19200 T 0.30800 

MOTIF bZIP_tnt.bZIP52_colamp_a_m1 MEME

letter-probability matrix: alength= 4 w= 14 nsites= 600 E= 2.4e-921
  0.250000	  0.121667	  0.188333	  0.440000	
  0.211667	  0.105000	  0.345000	  0.338333	
  0.370000	  0.296667	  0.183333	  0.150000	
  0.228333	  0.553333	  0.000000	  0.218333	
  0.370000	  0.373333	  0.135000	  0.121667	
  0.666667	  0.005000	  0.328333	  0.000000	
  0.033333	  0.118333	  0.840000	  0.008333	
  0.000000	  0.966667	  0.000000	  0.033333	
  0.000000	  0.000000	  0.000000	  1.000000	
  0.000000	  0.000000	  0.998333	  0.001667	
  0.000000	  0.000000	  0.391667	  0.608333	
  0.131667	  0.826667	  0.005000	  0.036667	
  0.740000	  0.095000	  0.051667	  0.113333	
  0.341667	  0.211667	  0.101667	  0.345000	

