MEME version 4.4

ALPHABET= ACGT

strands: + -

Background letter frequencies (from /mnt/thumper-e1/home/shhuang/projects/dap/analysis.v4/gem07_rep_memechip03/TCP_tnt/At1g72010_colamp_a/background):
A 0.29100 C 0.20900 G 0.20900 T 0.29100 

MOTIF TCP_tnt.At1g72010_colamp_a_m1 MEME

letter-probability matrix: alength= 4 w= 13 nsites= 596 E= 2.5e-1496
  0.421141	  0.125839	  0.167785	  0.285235	
  0.258389	  0.124161	  0.179530	  0.437919	
  0.003356	  0.000000	  0.996644	  0.000000	
  0.000000	  0.005034	  0.000000	  0.994966	
  0.018456	  0.000000	  0.981544	  0.000000	
  0.000000	  0.000000	  1.000000	  0.000000	
  0.067114	  0.000000	  0.901007	  0.031879	
  0.258389	  0.380872	  0.132550	  0.228188	
  0.000000	  0.981544	  0.000000	  0.018456	
  0.011745	  0.988255	  0.000000	  0.000000	
  0.130872	  0.652685	  0.023490	  0.192953	
  0.716443	  0.053691	  0.119128	  0.110738	
  0.098993	  0.493289	  0.124161	  0.283557	

