MEME version 4.4

ALPHABET= ACGT

strands: + -

Background letter frequencies (from /mnt/thumper-e1/home/shhuang/projects/dap/analysis.v4/gem07_rep_memechip03/AP2EREBP_tnt/AT3G60490_col_a/background):
A 0.29700 C 0.20300 G 0.20300 T 0.29700 

MOTIF AP2EREBP_tnt.AT3G60490_col_a_m1 MEME

letter-probability matrix: alength= 4 w= 14 nsites= 585 E= 1.4e-1410
  0.341880	  0.111111	  0.302564	  0.244444	
  0.336752	  0.150427	  0.208547	  0.304274	
  0.338462	  0.177778	  0.123077	  0.360684	
  0.403419	  0.070085	  0.128205	  0.398291	
  0.126496	  0.129915	  0.364103	  0.379487	
  0.005128	  0.027350	  0.000000	  0.967521	
  0.000000	  0.000000	  1.000000	  0.000000	
  0.000000	  0.000000	  0.000000	  1.000000	
  0.000000	  1.000000	  0.000000	  0.000000	
  0.000000	  0.000000	  1.000000	  0.000000	
  0.000000	  0.000000	  1.000000	  0.000000	
  0.000000	  0.133333	  0.000000	  0.866667	
  0.095726	  0.032479	  0.806838	  0.064957	
  0.275214	  0.121368	  0.552137	  0.051282	

