MEME version 4.4

ALPHABET= ACGT

strands: + -

Background letter frequencies (from /mnt/thumper-e1/home/shhuang/projects/dap/analysis.v4/gem07_rep_memechip03/CPP_tnt/TSO1_col_a/background):
A 0.38300 C 0.11700 G 0.11700 T 0.38300 

MOTIF CPP_tnt.TSO1_col_a_m1 MEME

letter-probability matrix: alength= 4 w= 15 nsites= 264 E= 6.1e-220
  0.515152	  0.056818	  0.106061	  0.321970	
  0.367424	  0.034091	  0.106061	  0.492424	
  0.268939	  0.041667	  0.030303	  0.659091	
  0.204545	  0.022727	  0.034091	  0.738636	
  0.325758	  0.143939	  0.056818	  0.473485	
  0.606061	  0.098485	  0.155303	  0.140152	
  0.863636	  0.000000	  0.132576	  0.003788	
  0.878788	  0.003788	  0.060606	  0.056818	
  0.924242	  0.000000	  0.000000	  0.075758	
  0.000000	  0.030303	  0.011364	  0.958333	
  0.000000	  0.000000	  0.000000	  1.000000	
  0.000000	  0.261364	  0.000000	  0.738636	
  0.810606	  0.000000	  0.170455	  0.018939	
  1.000000	  0.000000	  0.000000	  0.000000	
  1.000000	  0.000000	  0.000000	  0.000000	

