MEME version 4.4

ALPHABET= ACGT

strands: + -

Background letter frequencies (from /mnt/thumper-e1/home/shhuang/projects/dap/analysis.v4/gem07_rep_memechip03/C2C2dof_tnt/CDF3_col_a/background):
A 0.34400 C 0.15600 G 0.15600 T 0.34400 

MOTIF C2C2dof_tnt.CDF3_col_a_m1 MEME

letter-probability matrix: alength= 4 w= 19 nsites= 600 E= 3.4e-701
  0.588333	  0.088333	  0.118333	  0.205000	
  0.565000	  0.045000	  0.195000	  0.195000	
  0.555000	  0.078333	  0.188333	  0.178333	
  0.501667	  0.060000	  0.248333	  0.190000	
  0.453333	  0.121667	  0.228333	  0.196667	
  0.325000	  0.155000	  0.296667	  0.223333	
  0.236667	  0.240000	  0.291667	  0.231667	
  0.758333	  0.051667	  0.131667	  0.058333	
  0.853333	  0.000000	  0.005000	  0.141667	
  1.000000	  0.000000	  0.000000	  0.000000	
  1.000000	  0.000000	  0.000000	  0.000000	
  0.973333	  0.000000	  0.026667	  0.000000	
  0.000000	  0.000000	  1.000000	  0.000000	
  0.048333	  0.093333	  0.218333	  0.640000	
  0.275000	  0.033333	  0.546667	  0.145000	
  0.528333	  0.235000	  0.045000	  0.191667	
  0.653333	  0.143333	  0.060000	  0.143333	
  0.563333	  0.106667	  0.081667	  0.248333	
  0.600000	  0.115000	  0.146667	  0.138333	

