MEME version 4.4

ALPHABET= ACGT

strands: + -

Background letter frequencies (from /mnt/thumper-e1/home/shhuang/projects/dap/analysis.v4/gem07_rep_memechip03/Trihelix_tnt/AT2G33550_colamp_a/background):
A 0.31600 C 0.18400 G 0.18400 T 0.31600 

MOTIF Trihelix_tnt.AT2G33550_colamp_a_m1 MEME

letter-probability matrix: alength= 4 w= 14 nsites= 599 E= 1.9e-438
  0.393990	  0.188648	  0.240401	  0.176962	
  0.465776	  0.181970	  0.123539	  0.228715	
  0.562604	  0.130217	  0.088481	  0.218698	
  0.472454	  0.083472	  0.158598	  0.285476	
  0.343907	  0.120200	  0.285476	  0.250417	
  0.183639	  0.000000	  0.101836	  0.714524	
  0.420701	  0.000000	  0.579299	  0.000000	
  0.060100	  0.809683	  0.000000	  0.130217	
  0.000000	  1.000000	  0.000000	  0.000000	
  0.000000	  0.894825	  0.000000	  0.105175	
  0.015025	  0.103506	  0.010017	  0.871452	
  0.474124	  0.028381	  0.000000	  0.497496	
  0.649416	  0.165275	  0.031720	  0.153589	
  0.624374	  0.078464	  0.078464	  0.218698	

