MEME version 4.4

ALPHABET= ACGT

strands: + -

Background letter frequencies (from /mnt/thumper-e1/home/shhuang/projects/dap/analysis.v4/gem07_rep_memechip03/C2H2_tnt/MGP_col_a/background):
A 0.33500 C 0.16500 G 0.16500 T 0.33500 

MOTIF C2H2_tnt.MGP_col_a_m1 MEME

letter-probability matrix: alength= 4 w= 20 nsites= 594 E= 1.5e-1570
  0.314815	  0.341751	  0.084175	  0.259259	
  0.611111	  0.084175	  0.234007	  0.070707	
  0.240741	  0.308081	  0.311448	  0.139731	
  0.676768	  0.025253	  0.084175	  0.213805	
  0.861953	  0.000000	  0.003367	  0.134680	
  0.708754	  0.043771	  0.122896	  0.124579	
  0.929293	  0.035354	  0.033670	  0.001684	
  0.257576	  0.638047	  0.087542	  0.016835	
  0.000000	  0.000000	  1.000000	  0.000000	
  0.998316	  0.000000	  0.001684	  0.000000	
  0.000000	  1.000000	  0.000000	  0.000000	
  0.973064	  0.000000	  0.026936	  0.000000	
  0.988215	  0.005051	  0.006734	  0.000000	
  0.952862	  0.015152	  0.026936	  0.005051	
  0.814815	  0.047138	  0.031987	  0.106061	
  0.537037	  0.134680	  0.094276	  0.234007	
  0.479798	  0.129630	  0.114478	  0.276094	
  0.452862	  0.121212	  0.188552	  0.237374	
  0.432660	  0.134680	  0.158249	  0.274411	
  0.442761	  0.114478	  0.175084	  0.267677	

