MEME version 4.4

ALPHABET= ACGT

strands: + -

Background letter frequencies (from /mnt/thumper-e1/home/shhuang/projects/dap/analysis.v4/gem07_rep_memechip03/MYBrelated_tnt/TRP2_col_a/background):
A 0.32200 C 0.17800 G 0.17800 T 0.32200 

MOTIF MYBrelated_tnt.TRP2_col_a_m1 MEME

letter-probability matrix: alength= 4 w= 20 nsites= 76 E= 5.2e-487
  0.947368	  0.000000	  0.013158	  0.039474	
  0.947368	  0.000000	  0.026316	  0.026316	
  0.947368	  0.000000	  0.000000	  0.052632	
  0.000000	  0.868421	  0.026316	  0.105263	
  0.078947	  0.828947	  0.026316	  0.065789	
  0.000000	  0.855263	  0.013158	  0.131579	
  0.039474	  0.013158	  0.013158	  0.934211	
  0.947368	  0.000000	  0.000000	  0.052632	
  1.000000	  0.000000	  0.000000	  0.000000	
  0.986842	  0.000000	  0.000000	  0.013158	
  0.000000	  0.986842	  0.013158	  0.000000	
  0.026316	  0.973684	  0.000000	  0.000000	
  0.026316	  0.934211	  0.039474	  0.000000	
  0.026316	  0.000000	  0.039474	  0.934211	
  0.960526	  0.000000	  0.013158	  0.026316	
  0.894737	  0.078947	  0.000000	  0.026316	
  0.960526	  0.000000	  0.026316	  0.013158	
  0.013158	  0.907895	  0.000000	  0.078947	
  0.092105	  0.815789	  0.026316	  0.065789	
  0.092105	  0.802632	  0.026316	  0.078947	

