MEME version 4.4

ALPHABET= ACGT

strands: + -

Background letter frequencies (from /mnt/thumper-e1/home/shhuang/projects/dap/analysis.v4/gem07_rep_memechip03/NAC_tnt/NST1_colamp_a/background):
A 0.31400 C 0.18600 G 0.18600 T 0.31400 

MOTIF NAC_tnt.NST1_colamp_a_m1 MEME

letter-probability matrix: alength= 4 w= 15 nsites= 598 E= 3.2e-837
  0.083612	  0.908027	  0.000000	  0.008361	
  0.000000	  0.000000	  0.627090	  0.372910	
  0.000000	  0.000000	  0.000000	  1.000000	
  0.409699	  0.050167	  0.530100	  0.010033	
  0.387960	  0.222408	  0.150502	  0.239130	
  0.496656	  0.117057	  0.244147	  0.142140	
  0.394649	  0.175585	  0.170569	  0.259197	
  0.272575	  0.212375	  0.081940	  0.433110	
  0.344482	  0.112040	  0.153846	  0.389632	
  0.063545	  0.481605	  0.264214	  0.190635	
  0.993311	  0.006689	  0.000000	  0.000000	
  0.717391	  0.279264	  0.003344	  0.000000	
  0.000000	  0.000000	  0.966555	  0.033445	
  0.115385	  0.622074	  0.081940	  0.180602	
  0.759197	  0.033445	  0.040134	  0.167224	

