MEME version 4.4

ALPHABET= ACGT

strands: + -

Background letter frequencies (from /mnt/thumper-e1/home/shhuang/projects/dap/analysis.v4/gem07_rep_memechip03/WRKY_tnt/WRKY7_colamp_a/background):
A 0.31400 C 0.18600 G 0.18600 T 0.31400 

MOTIF WRKY_tnt.WRKY7_colamp_a_m1 MEME

letter-probability matrix: alength= 4 w= 21 nsites= 163 E= 7.0e-431
  0.288344	  0.128834	  0.128834	  0.453988	
  0.472393	  0.128834	  0.177914	  0.220859	
  0.337423	  0.073620	  0.331288	  0.257669	
  0.503067	  0.110429	  0.153374	  0.233129	
  0.509202	  0.116564	  0.134969	  0.239264	
  0.263804	  0.177914	  0.312883	  0.245399	
  0.392638	  0.190184	  0.177914	  0.239264	
  0.300613	  0.282209	  0.165644	  0.251534	
  0.515337	  0.202454	  0.147239	  0.134969	
  0.638037	  0.239264	  0.067485	  0.055215	
  0.963190	  0.000000	  0.018405	  0.018405	
  1.000000	  0.000000	  0.000000	  0.000000	
  0.993865	  0.000000	  0.006135	  0.000000	
  0.012270	  0.000000	  0.975460	  0.012270	
  0.000000	  0.153374	  0.006135	  0.840491	
  0.000000	  1.000000	  0.000000	  0.000000	
  0.993865	  0.000000	  0.006135	  0.000000	
  0.993865	  0.000000	  0.000000	  0.006135	
  0.190184	  0.797546	  0.006135	  0.006135	
  0.018405	  0.061350	  0.846626	  0.073620	
  0.361963	  0.306748	  0.226994	  0.104294	

