MEME version 4.4

ALPHABET= ACGT

strands: + -

Background letter frequencies (from /mnt/thumper-e1/home/shhuang/projects/dap/analysis.v4/gem07_rep_memechip03/CPP_tnt/TCX2_col_a/background):
A 0.36400 C 0.13600 G 0.13600 T 0.36400 

MOTIF CPP_tnt.TCX2_col_a_m1 MEME

letter-probability matrix: alength= 4 w= 15 nsites= 599 E= 1.2e-843
  0.429048	  0.081803	  0.101836	  0.387312	
  0.225376	  0.038397	  0.046745	  0.689482	
  0.100167	  0.068447	  0.001669	  0.829716	
  0.090150	  0.288815	  0.068447	  0.552588	
  0.487479	  0.220367	  0.178631	  0.113523	
  0.933222	  0.010017	  0.043406	  0.013356	
  0.924875	  0.023372	  0.001669	  0.050083	
  0.858097	  0.000000	  0.023372	  0.118531	
  0.016694	  0.001669	  0.011686	  0.969950	
  0.000000	  0.000000	  0.000000	  1.000000	
  0.000000	  0.530885	  0.000000	  0.469115	
  0.726210	  0.001669	  0.272120	  0.000000	
  1.000000	  0.000000	  0.000000	  0.000000	
  1.000000	  0.000000	  0.000000	  0.000000	
  0.297162	  0.155259	  0.016694	  0.530885	

