MEME version 4.4

ALPHABET= ACGT

strands: + -

Background letter frequencies (from /mnt/thumper-e1/home/shhuang/projects/dap/analysis.v4/gem07_rep_memechip03/WRKY_tnt/WRKY17_colamp_a/background):
A 0.31000 C 0.19000 G 0.19000 T 0.31000 

MOTIF WRKY_tnt.WRKY17_colamp_a_m1 MEME

letter-probability matrix: alength= 4 w= 13 nsites= 389 E= 3.2e-1032
  0.442159	  0.177378	  0.159383	  0.221080	
  0.632391	  0.169666	  0.113111	  0.084833	
  0.907455	  0.007712	  0.056555	  0.028278	
  0.984576	  0.000000	  0.002571	  0.012853	
  0.992288	  0.000000	  0.007712	  0.000000	
  0.000000	  0.000000	  1.000000	  0.000000	
  0.000000	  0.051414	  0.000000	  0.948586	
  0.000000	  1.000000	  0.000000	  0.000000	
  1.000000	  0.000000	  0.000000	  0.000000	
  0.997429	  0.000000	  0.000000	  0.002571	
  0.074550	  0.922879	  0.000000	  0.002571	
  0.007712	  0.089974	  0.784062	  0.118252	
  0.282776	  0.303342	  0.205656	  0.208226	

