MEME version 4.4

ALPHABET= ACGT

strands: + -

Background letter frequencies (from /mnt/thumper-e1/home/shhuang/projects/dap/analysis.v4/gem07_rep_memechip03/G2like_tnt/At1g25550_colamp_a/background):
A 0.32200 C 0.17800 G 0.17800 T 0.32200 

MOTIF G2like_tnt.At1g25550_colamp_a_m1 MEME

letter-probability matrix: alength= 4 w= 14 nsites= 598 E= 2.5e-690
  0.255853	  0.200669	  0.275920	  0.267559	
  0.399666	  0.158863	  0.142140	  0.299331	
  0.469900	  0.105351	  0.150502	  0.274247	
  0.269231	  0.215719	  0.083612	  0.431438	
  0.316054	  0.292642	  0.152174	  0.239130	
  0.205686	  0.137124	  0.516722	  0.140468	
  0.767559	  0.048495	  0.075251	  0.108696	
  0.984950	  0.000000	  0.006689	  0.008361	
  0.000000	  0.000000	  0.610368	  0.389632	
  1.000000	  0.000000	  0.000000	  0.000000	
  0.000000	  0.000000	  0.000000	  1.000000	
  0.023411	  0.015050	  0.001672	  0.959866	
  0.000000	  1.000000	  0.000000	  0.000000	
  0.053512	  0.463211	  0.061873	  0.421405	

