MEME version 4.4

ALPHABET= ACGT

strands: + -

Background letter frequencies (from /mnt/thumper-e1/home/shhuang/projects/dap/analysis.v4/gem07_rep_memechip03/bZIP_tnt/TGA3_col/background):
A 0.29900 C 0.20100 G 0.20100 T 0.29900 

MOTIF bZIP_tnt.TGA3_col_m1 MEME

letter-probability matrix: alength= 4 w= 14 nsites= 598 E= 1.6e-1676
  0.304348	  0.115385	  0.316054	  0.264214	
  0.484950	  0.102007	  0.387960	  0.025084	
  0.005017	  0.005017	  0.000000	  0.989967	
  0.000000	  0.010033	  0.974916	  0.015050	
  1.000000	  0.000000	  0.000000	  0.000000	
  0.000000	  0.964883	  0.000000	  0.035117	
  0.043478	  0.001672	  0.954849	  0.000000	
  0.000000	  0.001672	  0.000000	  0.998328	
  0.118729	  0.881271	  0.000000	  0.000000	
  0.991639	  0.000000	  0.001672	  0.006689	
  0.000000	  0.138796	  0.359532	  0.501672	
  0.065217	  0.747492	  0.085284	  0.102007	
  0.511706	  0.086957	  0.173913	  0.227425	
  0.260870	  0.112040	  0.145485	  0.481605	

