MEME version 4.4

ALPHABET= ACGT

strands: + -

Background letter frequencies (from /mnt/thumper-e1/home/shhuang/projects/dap/analysis.v4/gem07_rep_memechip03/G2like_tnt/AT2G20400_colamp_a/background):
A 0.32600 C 0.17400 G 0.17400 T 0.32600 

MOTIF G2like_tnt.AT2G20400_colamp_a_m1 MEME

letter-probability matrix: alength= 4 w= 15 nsites= 578 E= 4.7e-1149
  0.612457	  0.089965	  0.209343	  0.088235	
  0.546713	  0.065744	  0.235294	  0.152249	
  0.498270	  0.070934	  0.392734	  0.038062	
  0.000000	  0.000000	  0.987889	  0.012111	
  0.804498	  0.096886	  0.013841	  0.084775	
  1.000000	  0.000000	  0.000000	  0.000000	
  0.000000	  0.000000	  0.020761	  0.979239	
  1.000000	  0.000000	  0.000000	  0.000000	
  0.000000	  0.000000	  0.000000	  1.000000	
  0.060554	  0.057093	  0.060554	  0.821799	
  0.000000	  1.000000	  0.000000	  0.000000	
  0.020761	  0.363322	  0.323529	  0.292388	
  0.340830	  0.185121	  0.254325	  0.219723	
  0.468858	  0.079585	  0.108997	  0.342561	
  0.254325	  0.110727	  0.188581	  0.446367	

