MEME version 4.4

ALPHABET= ACGT

strands: + -

Background letter frequencies (from /mnt/thumper-e1/home/shhuang/projects/dap/analysis.v4/gem07_rep_memechip03/Trihelix_tnt/AT2G33550_col_a/background):
A 0.31400 C 0.18600 G 0.18600 T 0.31400 

MOTIF Trihelix_tnt.AT2G33550_col_a_m1 MEME

letter-probability matrix: alength= 4 w= 18 nsites= 338 E= 2.8e-197
  0.269231	  0.118343	  0.168639	  0.443787	
  0.372781	  0.168639	  0.218935	  0.239645	
  0.372781	  0.139053	  0.245562	  0.242604	
  0.301775	  0.236686	  0.227811	  0.233728	
  0.378698	  0.230769	  0.168639	  0.221893	
  0.402367	  0.215976	  0.109467	  0.272189	
  0.556213	  0.147929	  0.103550	  0.192308	
  0.352071	  0.130178	  0.100592	  0.417160	
  0.375740	  0.139053	  0.224852	  0.260355	
  0.251479	  0.020710	  0.159763	  0.568047	
  0.485207	  0.011834	  0.434911	  0.068047	
  0.041420	  0.843195	  0.000000	  0.115385	
  0.000000	  1.000000	  0.000000	  0.000000	
  0.000000	  0.955621	  0.000000	  0.044379	
  0.014793	  0.029586	  0.005917	  0.949704	
  0.505917	  0.020710	  0.000000	  0.473373	
  0.792899	  0.076923	  0.076923	  0.053254	
  0.621302	  0.073964	  0.073964	  0.230769	

