MEME version 4.4

ALPHABET= ACGT

strands: + -

Background letter frequencies (from /mnt/thumper-e1/home/shhuang/projects/dap/analysis.v4/gem07_rep_memechip03/MYB_tnt/MYB49_colamp_a/background):
A 0.32700 C 0.17300 G 0.17300 T 0.32700 

MOTIF MYB_tnt.MYB49_colamp_a_m1 MEME

letter-probability matrix: alength= 4 w= 14 nsites= 588 E= 1.8e-738
  0.457483	  0.132653	  0.168367	  0.241497	
  0.462585	  0.049320	  0.156463	  0.331633	
  0.615646	  0.008503	  0.071429	  0.304422	
  0.348639	  0.008503	  0.527211	  0.115646	
  0.018707	  0.000000	  0.428571	  0.552721	
  0.000000	  0.000000	  0.000000	  1.000000	
  0.761905	  0.001701	  0.000000	  0.236395	
  0.000000	  0.000000	  1.000000	  0.000000	
  0.001701	  0.003401	  0.897959	  0.096939	
  0.001701	  0.000000	  0.000000	  0.998299	
  0.357143	  0.057823	  0.557823	  0.027211	
  0.595238	  0.061224	  0.238095	  0.105442	
  0.520408	  0.129252	  0.265306	  0.085034	
  0.382653	  0.284014	  0.163265	  0.170068	

