MEME version 4.4

ALPHABET= ACGT

strands: + -

Background letter frequencies (from /mnt/thumper-e1/home/shhuang/projects/dap/analysis.v4/gem07_rep_memechip03/C2C2dof_tnt/OBP3_colamp_a/background):
A 0.34100 C 0.15900 G 0.15900 T 0.34100 

MOTIF C2C2dof_tnt.OBP3_colamp_a_m1 MEME

letter-probability matrix: alength= 4 w= 19 nsites= 600 E= 7.8e-348
  0.205000	  0.198333	  0.126667	  0.470000	
  0.236667	  0.188333	  0.098333	  0.476667	
  0.200000	  0.155000	  0.140000	  0.505000	
  0.256667	  0.141667	  0.038333	  0.563333	
  0.191667	  0.165000	  0.125000	  0.518333	
  0.195000	  0.165000	  0.136667	  0.503333	
  0.185000	  0.253333	  0.078333	  0.483333	
  0.145000	  0.145000	  0.113333	  0.596667	
  0.140000	  0.128333	  0.155000	  0.576667	
  0.111667	  0.226667	  0.030000	  0.631667	
  0.303333	  0.130000	  0.078333	  0.488333	
  0.380000	  0.190000	  0.191667	  0.238333	
  0.000000	  1.000000	  0.000000	  0.000000	
  0.000000	  0.015000	  0.000000	  0.985000	
  0.000000	  0.001667	  0.000000	  0.998333	
  0.000000	  0.000000	  0.000000	  1.000000	
  0.155000	  0.073333	  0.038333	  0.733333	
  0.128333	  0.135000	  0.108333	  0.628333	
  0.240000	  0.230000	  0.260000	  0.270000	

