MEME version 4.4

ALPHABET= ACGT

strands: + -

Background letter frequencies (from /mnt/thumper-e1/home/shhuang/projects/dap/analysis.v4/gem07_rep_memechip03/bZIP_tnt/bZIP44_col/background):
A 0.30400 C 0.19600 G 0.19600 T 0.30400 

MOTIF bZIP_tnt.bZIP44_col_m1 MEME

letter-probability matrix: alength= 4 w= 15 nsites= 528 E= 2.5e-1690
  0.295455	  0.125000	  0.304924	  0.274621	
  0.397727	  0.096591	  0.195076	  0.310606	
  0.270833	  0.070076	  0.123106	  0.535985	
  0.060606	  0.009470	  0.801136	  0.128788	
  0.289773	  0.606061	  0.102273	  0.001894	
  0.005682	  0.045455	  0.001894	  0.946970	
  0.000000	  0.000000	  0.907197	  0.092803	
  1.000000	  0.000000	  0.000000	  0.000000	
  0.000000	  0.984848	  0.000000	  0.015152	
  0.007576	  0.001894	  0.990530	  0.000000	
  0.003788	  0.001894	  0.000000	  0.994318	
  0.000000	  0.000000	  1.000000	  0.000000	
  0.000000	  0.000000	  0.804924	  0.195076	
  0.234848	  0.751894	  0.001894	  0.011364	
  0.621212	  0.149621	  0.134470	  0.094697	

