MEME version 4.4

ALPHABET= ACGT

strands: + -

Background letter frequencies (from /mnt/thumper-e1/home/shhuang/projects/dap/analysis.v4/gem07_rep_memechip03/WRKY_tnt/WRKY25_colamp_a/background):
A 0.31000 C 0.19000 G 0.19000 T 0.31000 

MOTIF WRKY_tnt.WRKY25_colamp_a_m1 MEME

letter-probability matrix: alength= 4 w= 15 nsites= 600 E= 6.3e-1070
  0.446667	  0.096667	  0.203333	  0.253333	
  0.248333	  0.228333	  0.285000	  0.238333	
  0.085000	  0.641667	  0.106667	  0.166667	
  0.011667	  0.000000	  0.823333	  0.165000	
  0.000000	  0.000000	  0.000000	  1.000000	
  0.000000	  0.000000	  0.000000	  1.000000	
  0.000000	  0.000000	  0.998333	  0.001667	
  1.000000	  0.000000	  0.000000	  0.000000	
  0.000000	  1.000000	  0.000000	  0.000000	
  0.000000	  0.346667	  0.000000	  0.653333	
  0.328333	  0.056667	  0.126667	  0.488333	
  0.228333	  0.065000	  0.155000	  0.551667	
  0.203333	  0.126667	  0.211667	  0.458333	
  0.241667	  0.183333	  0.221667	  0.353333	
  0.270000	  0.271667	  0.135000	  0.323333	

