MEME version 4.4

ALPHABET= ACGT

strands: + -

Background letter frequencies (from /mnt/thumper-e1/home/shhuang/projects/dap/analysis.v4/gem07_rep_memechip03/HB_tnt/PHV_col_a/background):
A 0.35500 C 0.14500 G 0.14500 T 0.35500 

MOTIF HB_tnt.PHV_col_a_m1 MEME

letter-probability matrix: alength= 4 w= 15 nsites= 598 E= 1.6e-866
  0.307692	  0.110368	  0.356187	  0.225753	
  0.000000	  0.138796	  0.006689	  0.854515	
  0.667224	  0.326087	  0.000000	  0.006689	
  1.000000	  0.000000	  0.000000	  0.000000	
  0.000000	  0.000000	  0.000000	  1.000000	
  0.055184	  0.760870	  0.093645	  0.090301	
  1.000000	  0.000000	  0.000000	  0.000000	
  0.000000	  0.000000	  0.000000	  1.000000	
  0.000000	  0.075251	  0.026756	  0.897993	
  0.829431	  0.001672	  0.127090	  0.041806	
  0.035117	  0.508361	  0.098662	  0.357860	
  0.289298	  0.217391	  0.075251	  0.418060	
  0.356187	  0.091973	  0.073579	  0.478261	
  0.190635	  0.118729	  0.065217	  0.625418	
  0.217391	  0.255853	  0.075251	  0.451505	

