MEME version 4.4

ALPHABET= ACGT

strands: + -

Background letter frequencies (from /mnt/thumper-e1/home/shhuang/projects/dap/analysis.v4/gem07_rep_memechip03/AP2EREBP_tnt/ERF2_col_a/background):
A 0.24100 C 0.25900 G 0.25900 T 0.24100 

MOTIF AP2EREBP_tnt.ERF2_col_a_m1 MEME

letter-probability matrix: alength= 4 w= 21 nsites= 595 E= 2.7e-1232
  0.166387	  0.463866	  0.122689	  0.247059	
  0.196639	  0.467227	  0.124370	  0.211765	
  0.284034	  0.137815	  0.314286	  0.263866	
  0.154622	  0.527731	  0.124370	  0.193277	
  0.191597	  0.492437	  0.124370	  0.191597	
  0.272269	  0.139496	  0.369748	  0.218487	
  0.109244	  0.546218	  0.105882	  0.238655	
  0.171429	  0.584874	  0.045378	  0.198319	
  0.272269	  0.077311	  0.319328	  0.331092	
  0.057143	  0.616807	  0.142857	  0.183193	
  0.198319	  0.757983	  0.015126	  0.028571	
  0.070588	  0.000000	  0.855462	  0.073950	
  0.005042	  0.991597	  0.000000	  0.003361	
  0.011765	  0.988235	  0.000000	  0.000000	
  0.072269	  0.000000	  0.924370	  0.003361	
  0.000000	  0.949580	  0.000000	  0.050420	
  0.000000	  1.000000	  0.000000	  0.000000	
  0.297479	  0.000000	  0.593277	  0.109244	
  0.043697	  0.512605	  0.087395	  0.356303	
  0.205042	  0.421849	  0.131092	  0.242017	
  0.366387	  0.048739	  0.356303	  0.228571	

