MEME version 4.4

ALPHABET= ACGT

strands: + -

Background letter frequencies (from /mnt/thumper-e1/home/shhuang/projects/dap/analysis.v4/gem07_rep_memechip03/MYB_tnt/MYB27_colamp_a/background):
A 0.34100 C 0.15900 G 0.15900 T 0.34100 

MOTIF MYB_tnt.MYB27_colamp_a_m1 MEME

letter-probability matrix: alength= 4 w= 16 nsites= 596 E= 1.9e-1422
  0.229866	  0.191275	  0.151007	  0.427852	
  0.135906	  0.260067	  0.083893	  0.520134	
  0.243289	  0.171141	  0.115772	  0.469799	
  0.013423	  0.048658	  0.080537	  0.857383	
  0.988255	  0.000000	  0.011745	  0.000000	
  0.000000	  1.000000	  0.000000	  0.000000	
  0.000000	  1.000000	  0.000000	  0.000000	
  0.001678	  0.001678	  0.000000	  0.996644	
  1.000000	  0.000000	  0.000000	  0.000000	
  1.000000	  0.000000	  0.000000	  0.000000	
  0.001678	  0.323826	  0.000000	  0.674497	
  0.167785	  0.000000	  0.000000	  0.832215	
  0.204698	  0.010067	  0.000000	  0.785235	
  0.211409	  0.120805	  0.023490	  0.644295	
  0.162752	  0.145973	  0.105705	  0.585570	
  0.219799	  0.192953	  0.149329	  0.437919	

