MEME version 4.4

ALPHABET= ACGT

strands: + -

Background letter frequencies (from /mnt/thumper-e1/home/shhuang/projects/dap/analysis.v4/gem07_rep_memechip03/MYBrelated_tnt/TRP1_col/background):
A 0.32600 C 0.17400 G 0.17400 T 0.32600 

MOTIF MYBrelated_tnt.TRP1_col_m1 MEME

letter-probability matrix: alength= 4 w= 23 nsites= 48 E= 1.9e-353
  0.937500	  0.000000	  0.000000	  0.062500	
  0.916667	  0.000000	  0.000000	  0.083333	
  0.979167	  0.000000	  0.000000	  0.020833	
  0.000000	  0.916667	  0.020833	  0.062500	
  0.104167	  0.812500	  0.041667	  0.041667	
  0.041667	  0.750000	  0.104167	  0.104167	
  0.000000	  0.000000	  0.000000	  1.000000	
  0.979167	  0.000000	  0.000000	  0.020833	
  0.979167	  0.000000	  0.020833	  0.000000	
  1.000000	  0.000000	  0.000000	  0.000000	
  0.000000	  0.895833	  0.000000	  0.104167	
  0.083333	  0.895833	  0.000000	  0.020833	
  0.000000	  0.979167	  0.020833	  0.000000	
  0.020833	  0.000000	  0.000000	  0.979167	
  0.979167	  0.000000	  0.000000	  0.020833	
  0.895833	  0.041667	  0.000000	  0.062500	
  0.958333	  0.000000	  0.041667	  0.000000	
  0.000000	  0.895833	  0.020833	  0.083333	
  0.166667	  0.812500	  0.000000	  0.020833	
  0.062500	  0.937500	  0.000000	  0.000000	
  0.041667	  0.020833	  0.000000	  0.937500	
  0.979167	  0.000000	  0.000000	  0.020833	
  0.916667	  0.000000	  0.000000	  0.083333	

