MEME version 4.4

ALPHABET= ACGT

strands: + -

Background letter frequencies (from /mnt/thumper-e1/home/shhuang/projects/dap/analysis.v4/gem07_rep_memechip03/BZR_tnt/At1g78700_colamp_a/background):
A 0.29000 C 0.21000 G 0.21000 T 0.29000 

MOTIF BZR_tnt.At1g78700_colamp_a_m1 MEME

letter-probability matrix: alength= 4 w= 15 nsites= 140 E= 5.9e-274
  0.157143	  0.328571	  0.278571	  0.235714	
  0.050000	  0.550000	  0.042857	  0.357143	
  0.342857	  0.035714	  0.621429	  0.000000	
  0.000000	  1.000000	  0.000000	  0.000000	
  1.000000	  0.000000	  0.000000	  0.000000	
  0.000000	  1.000000	  0.000000	  0.000000	
  0.000000	  0.000000	  1.000000	  0.000000	
  0.000000	  0.000000	  0.000000	  1.000000	
  0.000000	  0.000000	  1.000000	  0.000000	
  0.092857	  0.185714	  0.050000	  0.671429	
  0.071429	  0.164286	  0.642857	  0.121429	
  0.264286	  0.200000	  0.235714	  0.300000	
  0.428571	  0.171429	  0.207143	  0.192857	
  0.121429	  0.192857	  0.214286	  0.471429	
  0.150000	  0.192857	  0.200000	  0.457143	

