MEME version 4.4

ALPHABET= ACGT

strands: + -

Background letter frequencies (from /mnt/thumper-e1/home/shhuang/projects/dap/analysis.v4/gem07_rep_memechip03/MYB_tnt/MYB81_colamp_a/background):
A 0.30700 C 0.19300 G 0.19300 T 0.30700 

MOTIF MYB_tnt.MYB81_colamp_a_m1 MEME

letter-probability matrix: alength= 4 w= 14 nsites= 600 E= 9.5e-420
  0.416667	  0.115000	  0.191667	  0.276667	
  0.245000	  0.361667	  0.080000	  0.313333	
  0.203333	  0.336667	  0.006667	  0.453333	
  0.218333	  0.253333	  0.358333	  0.170000	
  0.106667	  0.215000	  0.001667	  0.676667	
  0.985000	  0.000000	  0.000000	  0.015000	
  1.000000	  0.000000	  0.000000	  0.000000	
  0.001667	  0.998333	  0.000000	  0.000000	
  0.125000	  0.490000	  0.246667	  0.138333	
  0.106667	  0.003333	  0.890000	  0.000000	
  0.225000	  0.173333	  0.045000	  0.556667	
  0.413333	  0.141667	  0.001667	  0.443333	
  0.303333	  0.055000	  0.098333	  0.543333	
  0.201667	  0.293333	  0.111667	  0.393333	

