MEME version 4.4

ALPHABET= ACGT

strands: + -

Background letter frequencies (from /mnt/thumper-e1/home/shhuang/projects/dap/analysis.v4/gem07_rep_memechip03/TCP_tnt/At1g69690_colamp_a/background):
A 0.29200 C 0.20800 G 0.20800 T 0.29200 

MOTIF TCP_tnt.At1g69690_colamp_a_m1 MEME

letter-probability matrix: alength= 4 w= 13 nsites= 587 E= 4.1e-1497
  0.304940	  0.088586	  0.136286	  0.470187	
  0.187394	  0.074957	  0.413969	  0.323680	
  0.000000	  0.000000	  1.000000	  0.000000	
  0.000000	  0.017036	  0.000000	  0.982964	
  0.006814	  0.000000	  0.993186	  0.000000	
  0.000000	  0.000000	  1.000000	  0.000000	
  0.063032	  0.003407	  0.890971	  0.042589	
  0.298126	  0.376491	  0.129472	  0.195911	
  0.003407	  0.979557	  0.000000	  0.017036	
  0.025554	  0.974446	  0.000000	  0.000000	
  0.141397	  0.620102	  0.034072	  0.204429	
  0.758092	  0.061329	  0.103918	  0.076661	
  0.091993	  0.545145	  0.112436	  0.250426	

