MEME version 4.4

ALPHABET= ACGT

strands: + -

Background letter frequencies (from /mnt/thumper-e1/home/shhuang/projects/dap/analysis.v4/gem07_rep_memechip03/AP2EREBP_tnt/At2g44940_col_a/background):
A 0.27900 C 0.22100 G 0.22100 T 0.27900 

MOTIF AP2EREBP_tnt.At2g44940_col_a_m1 MEME

letter-probability matrix: alength= 4 w= 15 nsites= 560 E= 4.9e-1012
  0.314286	  0.275000	  0.117857	  0.292857	
  0.342857	  0.098214	  0.239286	  0.319643	
  0.162500	  0.158929	  0.328571	  0.350000	
  0.044643	  0.151786	  0.003571	  0.800000	
  0.000000	  0.000000	  1.000000	  0.000000	
  0.032143	  0.000000	  0.025000	  0.942857	
  0.000000	  1.000000	  0.000000	  0.000000	
  0.000000	  0.000000	  1.000000	  0.000000	
  0.000000	  0.000000	  1.000000	  0.000000	
  0.000000	  0.203571	  0.000000	  0.796429	
  0.132143	  0.033929	  0.775000	  0.058929	
  0.275000	  0.126786	  0.512500	  0.085714	
  0.317857	  0.267857	  0.126786	  0.287500	
  0.258929	  0.112500	  0.387500	  0.241071	
  0.269643	  0.139286	  0.292857	  0.298214	

