MEME version 4.4

ALPHABET= ACGT

strands: + -

Background letter frequencies (from /mnt/thumper-e1/home/shhuang/projects/dap/analysis.v4/gem07_rep_memechip03/C2C2gata_tnt/ZIM_col_a/background):
A 0.29200 C 0.20800 G 0.20800 T 0.29200 

MOTIF C2C2gata_tnt.ZIM_col_a_m1 MEME

letter-probability matrix: alength= 4 w= 15 nsites= 593 E= 1.5e-1621
  0.013491	  0.055649	  0.011804	  0.919056	
  0.134907	  0.699831	  0.042159	  0.123103	
  0.155143	  0.146712	  0.057336	  0.640809	
  0.040472	  0.414840	  0.247892	  0.296796	
  0.578415	  0.086003	  0.332209	  0.003373	
  0.548061	  0.000000	  0.431703	  0.020236	
  0.001686	  0.971332	  0.008432	  0.018550	
  0.001686	  0.993255	  0.000000	  0.005059	
  0.003373	  0.000000	  0.978078	  0.018550	
  0.005059	  0.000000	  0.000000	  0.994941	
  0.042159	  0.291737	  0.000000	  0.666105	
  0.101180	  0.327150	  0.549747	  0.021922	
  0.313659	  0.001686	  0.676223	  0.008432	
  0.676223	  0.021922	  0.008432	  0.293423	
  0.030354	  0.045531	  0.028668	  0.895447	

