MEME version 4.4

ALPHABET= ACGT

strands: + -

Background letter frequencies (from /mnt/thumper-e1/home/shhuang/projects/dap/analysis.v4/gem07_rep_memechip03/HB_tnt/ATHB21_colamp_a/background):
A 0.36100 C 0.13900 G 0.13900 T 0.36100 

MOTIF HB_tnt.ATHB21_colamp_a_m1 MEME

letter-probability matrix: alength= 4 w= 20 nsites= 600 E= 7.4e-854
  0.380000	  0.143333	  0.205000	  0.271667	
  0.301667	  0.343333	  0.165000	  0.190000	
  0.688333	  0.061667	  0.095000	  0.155000	
  0.198333	  0.523333	  0.048333	  0.230000	
  0.015000	  0.926667	  0.000000	  0.058333	
  0.998333	  0.001667	  0.000000	  0.000000	
  1.000000	  0.000000	  0.000000	  0.000000	
  0.000000	  0.000000	  0.000000	  1.000000	
  0.470000	  0.046667	  0.015000	  0.468333	
  0.998333	  0.001667	  0.000000	  0.000000	
  0.000000	  0.001667	  0.000000	  0.998333	
  0.120000	  0.006667	  0.051667	  0.821667	
  0.226667	  0.033333	  0.500000	  0.240000	
  0.330000	  0.138333	  0.295000	  0.236667	
  0.350000	  0.206667	  0.145000	  0.298333	
  0.280000	  0.241667	  0.183333	  0.295000	
  0.328333	  0.276667	  0.116667	  0.278333	
  0.343333	  0.186667	  0.100000	  0.370000	
  0.350000	  0.131667	  0.093333	  0.425000	
  0.431667	  0.081667	  0.063333	  0.423333	

