MEME version 4.4

ALPHABET= ACGT

strands: + -

Background letter frequencies (from /mnt/thumper-e1/home/shhuang/projects/dap/analysis.v4/gem07_rep_memechip03/NAC_tnt/ANAC011_col_a/background):
A 0.30600 C 0.19400 G 0.19400 T 0.30600 

MOTIF NAC_tnt.ANAC011_col_a_m1 MEME

letter-probability matrix: alength= 4 w= 21 nsites= 228 E= 1.2e-656
  0.254386	  0.092105	  0.535088	  0.118421	
  0.092105	  0.004386	  0.004386	  0.899123	
  0.254386	  0.017544	  0.109649	  0.618421	
  0.460526	  0.118421	  0.258772	  0.162281	
  0.000000	  1.000000	  0.000000	  0.000000	
  0.004386	  0.000000	  0.201754	  0.793860	
  0.000000	  0.004386	  0.000000	  0.995614	
  0.100877	  0.105263	  0.793860	  0.000000	
  0.245614	  0.311404	  0.070175	  0.372807	
  0.346491	  0.131579	  0.307018	  0.214912	
  0.250000	  0.100877	  0.372807	  0.276316	
  0.245614	  0.298246	  0.175439	  0.280702	
  0.407895	  0.135965	  0.184211	  0.271930	
  0.092105	  0.372807	  0.429825	  0.105263	
  0.991228	  0.000000	  0.008772	  0.000000	
  0.951754	  0.048246	  0.000000	  0.000000	
  0.000000	  0.000000	  1.000000	  0.000000	
  0.241228	  0.543860	  0.026316	  0.188596	
  0.964912	  0.008772	  0.000000	  0.026316	
  0.995614	  0.000000	  0.000000	  0.004386	
  0.140351	  0.548246	  0.074561	  0.236842	

