MEME version 4.4

ALPHABET= ACGT

strands: + -

Background letter frequencies (from /mnt/thumper-e1/home/shhuang/projects/dap/analysis.v4/gem07_rep_memechip03/C2C2gata_tnt/ZML1_colamp_a/background):
A 0.29700 C 0.20300 G 0.20300 T 0.29700 

MOTIF C2C2gata_tnt.ZML1_colamp_a_m1 MEME

letter-probability matrix: alength= 4 w= 21 nsites= 548 E= 6.8e-1500
  0.423358	  0.093066	  0.155109	  0.328467	
  0.167883	  0.184307	  0.171533	  0.476277	
  0.310219	  0.253650	  0.224453	  0.211679	
  0.695255	  0.093066	  0.177007	  0.034672	
  0.817518	  0.021898	  0.009124	  0.151460	
  0.009124	  0.082117	  0.012774	  0.895985	
  0.118613	  0.793796	  0.032847	  0.054745	
  0.122263	  0.133212	  0.080292	  0.664234	
  0.051095	  0.503650	  0.184307	  0.260949	
  0.562044	  0.105839	  0.317518	  0.014599	
  0.534672	  0.003650	  0.388686	  0.072993	
  0.009124	  0.985401	  0.003650	  0.001825	
  0.041971	  0.950730	  0.001825	  0.005474	
  0.007299	  0.003650	  0.930657	  0.058394	
  0.005474	  0.045620	  0.012774	  0.936131	
  0.072993	  0.350365	  0.003650	  0.572993	
  0.074818	  0.385036	  0.474453	  0.065693	
  0.454380	  0.051095	  0.485401	  0.009124	
  0.560219	  0.001825	  0.009124	  0.428832	
  0.052920	  0.085766	  0.041971	  0.819343	
  0.096715	  0.364964	  0.067518	  0.470803	

