MEME version 4.4

ALPHABET= ACGT

strands: + -

Background letter frequencies (from /mnt/thumper-e1/home/shhuang/projects/dap/analysis.v4/gem07_rep_memechip03/WRKY_tnt/WRKY17_col_a/background):
A 0.30300 C 0.19700 G 0.19700 T 0.30300 

MOTIF WRKY_tnt.WRKY17_col_a_m1 MEME

letter-probability matrix: alength= 4 w= 14 nsites= 127 E= 8.5e-239
  0.448819	  0.196850	  0.181102	  0.173228	
  0.527559	  0.188976	  0.110236	  0.173228	
  0.740157	  0.070866	  0.141732	  0.047244	
  0.921260	  0.000000	  0.047244	  0.031496	
  0.984252	  0.000000	  0.007874	  0.007874	
  0.000000	  0.000000	  1.000000	  0.000000	
  0.000000	  0.039370	  0.007874	  0.952756	
  0.000000	  1.000000	  0.000000	  0.000000	
  0.984252	  0.000000	  0.015748	  0.000000	
  1.000000	  0.000000	  0.000000	  0.000000	
  0.157480	  0.763780	  0.062992	  0.015748	
  0.228346	  0.070866	  0.614173	  0.086614	
  0.251969	  0.299213	  0.251969	  0.196850	
  0.220472	  0.330709	  0.125984	  0.322835	

