MEME version 4.4

ALPHABET= ACGT

strands: + -

Background letter frequencies (from /mnt/thumper-e1/home/shhuang/projects/dap/analysis.v4/gem07_rep_memechip03/MYBrelated_tnt/At5g47390_colamp_a/background):
A 0.34400 C 0.15600 G 0.15600 T 0.34400 

MOTIF MYBrelated_tnt.At5g47390_colamp_a_m1 MEME

letter-probability matrix: alength= 4 w= 14 nsites= 582 E= 3.4e-758
  0.481100	  0.030928	  0.101375	  0.386598	
  0.455326	  0.010309	  0.020619	  0.513746	
  0.369416	  0.049828	  0.211340	  0.369416	
  0.111684	  0.084192	  0.000000	  0.804124	
  0.115120	  0.001718	  0.881443	  0.001718	
  0.000000	  0.000000	  1.000000	  0.000000	
  1.000000	  0.000000	  0.000000	  0.000000	
  0.000000	  0.000000	  0.000000	  1.000000	
  0.974227	  0.013746	  0.006873	  0.005155	
  0.910653	  0.001718	  0.030928	  0.056701	
  0.183849	  0.115120	  0.457045	  0.243986	
  0.353952	  0.109966	  0.393471	  0.142612	
  0.302405	  0.121993	  0.056701	  0.518900	
  0.292096	  0.080756	  0.104811	  0.522337	

