MEME version 4.4

ALPHABET= ACGT

strands: + -

Background letter frequencies (from /mnt/thumper-e1/home/shhuang/projects/dap/analysis.v4/gem07_rep_memechip03/MYBrelated_tnt/AT1G72740_colamp_a/background):
A 0.31100 C 0.18900 G 0.18900 T 0.31100 

MOTIF MYBrelated_tnt.AT1G72740_colamp_a_m1 MEME

letter-probability matrix: alength= 4 w= 21 nsites= 592 E= 2.4e-1390
  0.334459	  0.128378	  0.300676	  0.236486	
  0.255068	  0.126689	  0.368243	  0.250000	
  0.292230	  0.128378	  0.222973	  0.356419	
  0.307432	  0.089527	  0.229730	  0.373311	
  0.251689	  0.153716	  0.160473	  0.434122	
  0.270270	  0.152027	  0.158784	  0.418919	
  0.393581	  0.150338	  0.297297	  0.158784	
  0.280405	  0.116554	  0.402027	  0.201014	
  0.449324	  0.064189	  0.347973	  0.138514	
  0.358108	  0.040541	  0.236486	  0.364865	
  0.000000	  0.228041	  0.005068	  0.766892	
  0.000000	  0.000000	  0.000000	  1.000000	
  1.000000	  0.000000	  0.000000	  0.000000	
  0.000000	  0.000000	  0.998311	  0.001689	
  0.000000	  0.000000	  1.000000	  0.000000	
  0.000000	  0.000000	  0.937500	  0.062500	
  0.000000	  0.057432	  0.000000	  0.942568	
  0.047297	  0.003378	  0.000000	  0.949324	
  0.206081	  0.079392	  0.021959	  0.692568	
  0.258446	  0.246622	  0.222973	  0.271959	
  0.175676	  0.125000	  0.393581	  0.305743	

