MEME version 4.4

ALPHABET= ACGT

strands: + -

Background letter frequencies (from /mnt/thumper-e1/home/shhuang/projects/dap/analysis.v4/gem07_rep_memechip03/AP2EREBP_tnt/At1g22810_col/background):
A 0.23700 C 0.26300 G 0.26300 T 0.23700 

MOTIF AP2EREBP_tnt.At1g22810_col_m1 MEME

letter-probability matrix: alength= 4 w= 15 nsites= 596 E= 3.1e-1019
  0.134228	  0.055369	  0.699664	  0.110738	
  0.197987	  0.110738	  0.568792	  0.122483	
  0.219799	  0.372483	  0.068792	  0.338926	
  0.145973	  0.062081	  0.582215	  0.209732	
  0.171141	  0.036913	  0.625839	  0.166107	
  0.068792	  0.302013	  0.036913	  0.592282	
  0.000000	  0.000000	  1.000000	  0.000000	
  0.204698	  0.050336	  0.503356	  0.241611	
  0.015101	  0.892617	  0.000000	  0.092282	
  0.001678	  0.000000	  0.998322	  0.000000	
  0.016779	  0.000000	  0.978188	  0.005034	
  0.052013	  0.214765	  0.000000	  0.733221	
  0.010067	  0.000000	  0.966443	  0.023490	
  0.216443	  0.075503	  0.686242	  0.021812	
  0.392617	  0.275168	  0.072148	  0.260067	

