MEME version 4.4

ALPHABET= ACGT

strands: + -

Background letter frequencies (from /mnt/thumper-e1/home/shhuang/projects/dap/analysis.v4/gem07_rep_memechip03/NAC_tnt/SND3_colamp_a/background):
A 0.30700 C 0.19300 G 0.19300 T 0.30700 

MOTIF NAC_tnt.SND3_colamp_a_m1 MEME

letter-probability matrix: alength= 4 w= 22 nsites= 590 E= 2.5e-1133
  0.194915	  0.140678	  0.454237	  0.210169	
  0.210169	  0.055932	  0.037288	  0.696610	
  0.425424	  0.022034	  0.157627	  0.394915	
  0.301695	  0.128814	  0.276271	  0.293220	
  0.013559	  0.977966	  0.001695	  0.006780	
  0.000000	  0.000000	  0.162712	  0.837288	
  0.000000	  0.000000	  0.000000	  1.000000	
  0.116949	  0.445763	  0.371186	  0.066102	
  0.276271	  0.145763	  0.045763	  0.532203	
  0.206780	  0.237288	  0.167797	  0.388136	
  0.225424	  0.394915	  0.177966	  0.201695	
  0.242373	  0.318644	  0.125424	  0.313559	
  0.394915	  0.066102	  0.116949	  0.422034	
  0.003390	  0.638983	  0.096610	  0.261017	
  1.000000	  0.000000	  0.000000	  0.000000	
  0.476271	  0.523729	  0.000000	  0.000000	
  0.018644	  0.000000	  0.908475	  0.072881	
  0.135593	  0.405085	  0.108475	  0.350847	
  0.364407	  0.159322	  0.042373	  0.433898	
  0.644068	  0.020339	  0.011864	  0.323729	
  0.128814	  0.562712	  0.103390	  0.205085	
  0.261017	  0.367797	  0.094915	  0.276271	

