MEME version 4.4

ALPHABET= ACGT

strands: + -

Background letter frequencies (from /mnt/thumper-e1/home/shhuang/projects/dap/analysis.v4/gem07_rep_memechip03/ND_tnt/FRS9_col_a/background):
A 0.29200 C 0.20800 G 0.20800 T 0.29200 

MOTIF ND_tnt.FRS9_col_a_m1 MEME

letter-probability matrix: alength= 4 w= 21 nsites= 575 E= 4.0e-3084
  0.120000	  0.699130	  0.017391	  0.163478	
  0.069565	  0.125217	  0.013913	  0.791304	
  0.090435	  0.749565	  0.017391	  0.142609	
  0.128696	  0.083478	  0.000000	  0.787826	
  0.040000	  0.787826	  0.073043	  0.099130	
  0.043478	  0.080000	  0.019130	  0.857391	
  0.027826	  0.740870	  0.012174	  0.219130	
  0.048696	  0.060870	  0.001739	  0.888696	
  0.027826	  0.923478	  0.000000	  0.048696	
  0.005217	  0.024348	  0.000000	  0.970435	
  0.027826	  0.907826	  0.000000	  0.064348	
  0.006957	  0.001739	  0.000000	  0.991304	
  0.003478	  0.916522	  0.000000	  0.080000	
  0.003478	  0.012174	  0.000000	  0.984348	
  0.000000	  0.986087	  0.013913	  0.000000	
  0.031304	  0.083478	  0.000000	  0.885217	
  0.066087	  0.683478	  0.036522	  0.213913	
  0.029565	  0.203478	  0.022609	  0.744348	
  0.090435	  0.758261	  0.022609	  0.128696	
  0.059130	  0.120000	  0.031304	  0.789565	
  0.073043	  0.702609	  0.017391	  0.206957	

