MEME version 4.4

ALPHABET= ACGT

strands: + -

Background letter frequencies (from /mnt/thumper-e1/home/shhuang/projects/dap/analysis.v4/gem07_rep_memechip03/MYB_tnt/MYB40_col_a/background):
A 0.32600 C 0.17400 G 0.17400 T 0.32600 

MOTIF MYB_tnt.MYB40_col_a_m1 MEME

letter-probability matrix: alength= 4 w= 13 nsites= 237 E= 1.6e-326
  0.042194	  0.350211	  0.126582	  0.481013	
  0.016878	  0.308017	  0.037975	  0.637131	
  0.025316	  0.430380	  0.000000	  0.544304	
  0.995781	  0.000000	  0.004219	  0.000000	
  0.008439	  0.991561	  0.000000	  0.000000	
  0.000000	  0.995781	  0.004219	  0.000000	
  0.405063	  0.000000	  0.000000	  0.594937	
  0.995781	  0.004219	  0.000000	  0.000000	
  0.400844	  0.590717	  0.000000	  0.008439	
  0.033755	  0.578059	  0.000000	  0.388186	
  0.371308	  0.147679	  0.088608	  0.392405	
  0.240506	  0.227848	  0.063291	  0.468354	
  0.244726	  0.261603	  0.097046	  0.396624	

