MEME version 4.4

ALPHABET= ACGT

strands: + -

Background letter frequencies (from /mnt/thumper-e1/home/shhuang/projects/dap/analysis.v4/gem07_rep_memechip03/MYBrelated_tnt/At3g11280_col_a/background):
A 0.32600 C 0.17400 G 0.17400 T 0.32600 

MOTIF MYBrelated_tnt.At3g11280_col_a_m1 MEME

letter-probability matrix: alength= 4 w= 14 nsites= 582 E= 3.3e-569
  0.620275	  0.079038	  0.103093	  0.197595	
  0.446735	  0.027491	  0.048110	  0.477663	
  0.049828	  0.560137	  0.058419	  0.331615	
  0.201031	  0.618557	  0.109966	  0.070447	
  0.000000	  0.029210	  0.000000	  0.970790	
  0.006873	  0.159794	  0.000000	  0.833333	
  1.000000	  0.000000	  0.000000	  0.000000	
  0.000000	  0.005155	  0.010309	  0.984536	
  0.000000	  1.000000	  0.000000	  0.000000	
  0.206186	  0.247423	  0.037801	  0.508591	
  0.209622	  0.108247	  0.089347	  0.592784	
  0.324742	  0.335052	  0.087629	  0.252577	
  0.498282	  0.025773	  0.048110	  0.427835	
  0.192440	  0.266323	  0.051546	  0.489691	

