MEME version 4.4

ALPHABET= ACGT

strands: + -

Background letter frequencies (from /mnt/thumper-e1/home/shhuang/projects/dap/analysis.v4/gem07_rep_memechip03/G2like_tnt/KAN2_col_a/background):
A 0.34400 C 0.15600 G 0.15600 T 0.34400 

MOTIF G2like_tnt.KAN2_col_a_m1 MEME

letter-probability matrix: alength= 4 w= 15 nsites= 214 E= 1.1e-208
  0.345794	  0.242991	  0.074766	  0.336449	
  0.210280	  0.200935	  0.065421	  0.523364	
  0.271028	  0.205607	  0.112150	  0.411215	
  0.434579	  0.205607	  0.228972	  0.130841	
  0.140187	  0.112150	  0.528037	  0.219626	
  0.640187	  0.084112	  0.037383	  0.238318	
  0.794393	  0.000000	  0.000000	  0.205607	
  0.000000	  0.000000	  0.000000	  1.000000	
  1.000000	  0.000000	  0.000000	  0.000000	
  0.000000	  0.000000	  0.000000	  1.000000	
  0.009346	  0.000000	  0.000000	  0.990654	
  0.014019	  0.981308	  0.000000	  0.004673	
  0.032710	  0.224299	  0.000000	  0.742991	
  0.112150	  0.257009	  0.056075	  0.574766	
  0.214953	  0.186916	  0.056075	  0.542056	

