MEME version 4.4

ALPHABET= ACGT

strands: + -

Background letter frequencies (from /mnt/thumper-e1/home/shhuang/projects/dap/analysis.v4/gem07_rep_memechip03/MYB_tnt/MYB60_col/background):
A 0.29700 C 0.20300 G 0.20300 T 0.29700 

MOTIF MYB_tnt.MYB60_col_m1 MEME

letter-probability matrix: alength= 4 w= 19 nsites= 442 E= 1.2e-653
  0.278281	  0.314480	  0.110860	  0.296380	
  0.328054	  0.190045	  0.151584	  0.330317	
  0.251131	  0.180995	  0.169683	  0.398190	
  0.144796	  0.361991	  0.085973	  0.407240	
  0.110860	  0.366516	  0.090498	  0.432127	
  0.085973	  0.513575	  0.052036	  0.348416	
  0.000000	  0.975113	  0.000000	  0.024887	
  0.993213	  0.004525	  0.002262	  0.000000	
  0.871041	  0.126697	  0.000000	  0.002262	
  0.000000	  1.000000	  0.000000	  0.000000	
  0.065611	  0.529412	  0.000000	  0.404977	
  0.975113	  0.000000	  0.024887	  0.000000	
  0.128959	  0.834842	  0.000000	  0.036199	
  0.126697	  0.513575	  0.000000	  0.359729	
  0.244344	  0.085973	  0.065611	  0.604072	
  0.219457	  0.298643	  0.072398	  0.409502	
  0.246606	  0.285068	  0.101810	  0.366516	
  0.307692	  0.185520	  0.190045	  0.316742	
  0.187783	  0.339367	  0.133484	  0.339367	

