MEME version 4.4

ALPHABET= ACGT

strands: + -

Background letter frequencies (from /mnt/thumper-e1/home/shhuang/projects/dap/analysis.v4/gem07_rep_memechip03/BBRBPC_tnt/BPC5_colamp_a/background):
A 0.29400 C 0.20600 G 0.20600 T 0.29400 

MOTIF BBRBPC_tnt.BPC5_colamp_a_m1 MEME

letter-probability matrix: alength= 4 w= 29 nsites= 50 E= 6.7e-260
  0.380000	  0.100000	  0.440000	  0.080000	
  0.660000	  0.060000	  0.280000	  0.000000	
  0.280000	  0.100000	  0.540000	  0.080000	
  0.600000	  0.120000	  0.240000	  0.040000	
  0.280000	  0.140000	  0.500000	  0.080000	
  0.560000	  0.140000	  0.160000	  0.140000	
  0.340000	  0.000000	  0.520000	  0.140000	
  0.660000	  0.060000	  0.240000	  0.040000	
  0.180000	  0.040000	  0.780000	  0.000000	
  0.800000	  0.000000	  0.000000	  0.200000	
  0.040000	  0.040000	  0.820000	  0.100000	
  0.720000	  0.100000	  0.140000	  0.040000	
  0.260000	  0.000000	  0.720000	  0.020000	
  0.740000	  0.040000	  0.180000	  0.040000	
  0.060000	  0.020000	  0.840000	  0.080000	
  0.820000	  0.000000	  0.060000	  0.120000	
  0.120000	  0.000000	  0.880000	  0.000000	
  0.940000	  0.000000	  0.060000	  0.000000	
  0.180000	  0.000000	  0.800000	  0.020000	
  0.920000	  0.000000	  0.080000	  0.000000	
  0.140000	  0.020000	  0.840000	  0.000000	
  0.980000	  0.000000	  0.000000	  0.020000	
  0.080000	  0.000000	  0.900000	  0.020000	
  0.860000	  0.020000	  0.120000	  0.000000	
  0.160000	  0.000000	  0.800000	  0.040000	
  0.960000	  0.000000	  0.040000	  0.000000	
  0.060000	  0.000000	  0.940000	  0.000000	
  1.000000	  0.000000	  0.000000	  0.000000	
  0.080000	  0.060000	  0.840000	  0.020000	

