MEME version 4.4

ALPHABET= ACGT

strands: + -

Background letter frequencies (from /mnt/thumper-e1/home/shhuang/projects/dap/analysis.v4/gem07_rep_memechip03/G2like_tnt/AT1G49560_colamp_a/background):
A 0.31000 C 0.19000 G 0.19000 T 0.31000 

MOTIF G2like_tnt.AT1G49560_colamp_a_m1 MEME

letter-probability matrix: alength= 4 w= 15 nsites= 600 E= 6.4e-994
  0.385000	  0.151667	  0.280000	  0.183333	
  0.165000	  0.086667	  0.701667	  0.046667	
  0.455000	  0.098333	  0.206667	  0.240000	
  0.790000	  0.035000	  0.046667	  0.128333	
  0.076667	  0.135000	  0.021667	  0.766667	
  0.103333	  0.713333	  0.041667	  0.141667	
  0.365000	  0.250000	  0.170000	  0.215000	
  0.533333	  0.108333	  0.190000	  0.168333	
  0.810000	  0.005000	  0.056667	  0.128333	
  0.001667	  0.000000	  0.950000	  0.048333	
  0.998333	  0.000000	  0.000000	  0.001667	
  0.010000	  0.000000	  0.000000	  0.990000	
  0.068333	  0.071667	  0.010000	  0.850000	
  0.001667	  0.998333	  0.000000	  0.000000	
  0.176667	  0.323333	  0.101667	  0.398333	

