MEME version 4.4

ALPHABET= ACGT

strands: + -

Background letter frequencies (from /mnt/thumper-e1/home/shhuang/projects/dap/analysis.v4/gem07_rep_memechip03/NAC_tnt/NAP_colamp_a/background):
A 0.31100 C 0.18900 G 0.18900 T 0.31100 

MOTIF NAC_tnt.NAP_colamp_a_m1 MEME

letter-probability matrix: alength= 4 w= 17 nsites= 422 E= 2.3e-653
  0.139810	  0.000000	  0.000000	  0.860190	
  0.123223	  0.004739	  0.312796	  0.559242	
  0.507109	  0.182464	  0.239336	  0.071090	
  0.007109	  0.988152	  0.000000	  0.004739	
  0.000000	  0.000000	  0.976303	  0.023697	
  0.000000	  0.002370	  0.014218	  0.983412	
  0.281991	  0.090047	  0.582938	  0.045024	
  0.260664	  0.113744	  0.109005	  0.516588	
  0.329384	  0.177725	  0.215640	  0.277251	
  0.218009	  0.203791	  0.279621	  0.298578	
  0.317536	  0.154028	  0.213270	  0.315166	
  0.471564	  0.061611	  0.163507	  0.303318	
  0.056872	  0.438389	  0.184834	  0.319905	
  0.928910	  0.021327	  0.007109	  0.042654	
  0.182464	  0.781991	  0.026066	  0.009479	
  0.000000	  0.000000	  0.985782	  0.014218	
  0.168246	  0.236967	  0.298578	  0.296209	

