MEME version 4.4

ALPHABET= ACGT

strands: + -

Background letter frequencies (from /mnt/thumper-e1/home/shhuang/projects/dap/analysis.v4/gem07_rep_memechip03/MYB_tnt/MYB55_col/background):
A 0.28100 C 0.21900 G 0.21900 T 0.28100 

MOTIF MYB_tnt.MYB55_col_m1 MEME

letter-probability matrix: alength= 4 w= 14 nsites= 429 E= 6.1e-569
  0.177156	  0.414918	  0.137529	  0.270396	
  0.093240	  0.510490	  0.093240	  0.303030	
  0.237762	  0.298368	  0.130536	  0.333333	
  0.114219	  0.617716	  0.037296	  0.230769	
  0.927739	  0.069930	  0.000000	  0.002331	
  0.547786	  0.438228	  0.004662	  0.009324	
  0.000000	  1.000000	  0.000000	  0.000000	
  0.324009	  0.440559	  0.002331	  0.233100	
  0.946387	  0.000000	  0.048951	  0.004662	
  0.000000	  0.997669	  0.000000	  0.002331	
  0.013986	  0.986014	  0.000000	  0.000000	
  0.650350	  0.013986	  0.179487	  0.156177	
  0.212121	  0.447552	  0.097902	  0.242424	
  0.265734	  0.505828	  0.074592	  0.153846	

