MEME version 4.4

ALPHABET= ACGT

strands: + -

Background letter frequencies (from /mnt/thumper-e1/home/shhuang/projects/dap/analysis.v4/gem07_rep_memechip03/NAC_tnt/SND3_col_b/background):
A 0.28600 C 0.21300 G 0.21300 T 0.28600 

MOTIF NAC_tnt.SND3_col_b_m1 MEME

letter-probability matrix: alength= 4 w= 15 nsites= 598 E= 7.4e-986
  0.535117	  0.016722	  0.132107	  0.316054	
  0.341137	  0.030100	  0.590301	  0.038462	
  0.040134	  0.943144	  0.000000	  0.016722	
  0.000000	  0.000000	  0.648829	  0.351171	
  0.000000	  0.000000	  0.000000	  1.000000	
  0.267559	  0.113712	  0.618729	  0.000000	
  0.419732	  0.088629	  0.040134	  0.451505	
  0.265886	  0.205686	  0.274247	  0.254181	
  0.157191	  0.219064	  0.463211	  0.160535	
  0.331104	  0.215719	  0.240803	  0.212375	
  0.503344	  0.046823	  0.127090	  0.322742	
  0.021739	  0.513378	  0.371237	  0.093645	
  1.000000	  0.000000	  0.000000	  0.000000	
  0.700669	  0.299331	  0.000000	  0.000000	
  0.000000	  0.000000	  0.994983	  0.005017	

