MEME version 4.4

ALPHABET= ACGT

strands: + -

Background letter frequencies (from /mnt/thumper-e1/home/shhuang/projects/dap/analysis.v4/gem07_rep_memechip03/HSF_tnt/HSFB4_col_a/background):
A 0.29700 C 0.20300 G 0.20300 T 0.29700 

MOTIF HSF_tnt.HSFB4_col_a_m1 MEME

letter-probability matrix: alength= 4 w= 15 nsites= 200 E= 2.6e-615
  0.700000	  0.055000	  0.205000	  0.040000	
  0.000000	  0.005000	  0.995000	  0.000000	
  0.985000	  0.000000	  0.005000	  0.010000	
  0.965000	  0.005000	  0.015000	  0.015000	
  0.120000	  0.155000	  0.630000	  0.095000	
  0.190000	  0.510000	  0.170000	  0.130000	
  0.110000	  0.025000	  0.010000	  0.855000	
  0.015000	  0.010000	  0.020000	  0.955000	
  0.000000	  0.985000	  0.015000	  0.000000	
  0.025000	  0.130000	  0.045000	  0.800000	
  0.815000	  0.015000	  0.170000	  0.000000	
  0.000000	  0.000000	  1.000000	  0.000000	
  0.980000	  0.000000	  0.000000	  0.020000	
  0.920000	  0.000000	  0.035000	  0.045000	
  0.230000	  0.145000	  0.495000	  0.130000	

