MEME version 4.4

ALPHABET= ACGT

strands: + -

Background letter frequencies (from /mnt/thumper-e1/home/shhuang/projects/dap/analysis.v4/gem07_rep_memechip03/NAC_tnt/ANAC053_colamp_a/background):
A 0.31000 C 0.19000 G 0.19000 T 0.31000 

MOTIF NAC_tnt.ANAC053_colamp_a_m1 MEME

letter-probability matrix: alength= 4 w= 16 nsites= 594 E= 2.2e-1767
  0.006734	  0.993266	  0.000000	  0.000000	
  0.000000	  0.001684	  0.171717	  0.826599	
  0.000000	  0.000000	  0.000000	  1.000000	
  0.072391	  0.132997	  0.771044	  0.023569	
  0.094276	  0.242424	  0.031987	  0.631313	
  0.097643	  0.185185	  0.188552	  0.528620	
  0.163300	  0.363636	  0.247475	  0.225589	
  0.141414	  0.393939	  0.136364	  0.328283	
  0.289562	  0.286195	  0.237374	  0.186869	
  0.000000	  0.994949	  0.000000	  0.005051	
  1.000000	  0.000000	  0.000000	  0.000000	
  0.917508	  0.079125	  0.003367	  0.000000	
  0.000000	  0.000000	  1.000000	  0.000000	
  0.587542	  0.134680	  0.069024	  0.208754	
  0.772727	  0.117845	  0.000000	  0.109428	
  0.962963	  0.000000	  0.000000	  0.037037	

