MEME version 4.4

ALPHABET= ACGT

strands: + -

Background letter frequencies (from /mnt/thumper-e1/home/shhuang/projects/dap/analysis.v4/gem07_rep_memechip03/MYBrelated_tnt/At5g08520_col_b/background):
A 0.33200 C 0.16800 G 0.16800 T 0.33200 

MOTIF MYBrelated_tnt.At5g08520_col_b_m1 MEME

letter-probability matrix: alength= 4 w= 13 nsites= 598 E= 8.5e-911
  0.324415	  0.115385	  0.277592	  0.282609	
  0.488294	  0.038462	  0.120401	  0.352843	
  0.414716	  0.028428	  0.025084	  0.531773	
  0.349498	  0.070234	  0.301003	  0.279264	
  0.369565	  0.098662	  0.050167	  0.481605	
  0.329431	  0.003344	  0.628763	  0.038462	
  0.000000	  0.000000	  0.996656	  0.003344	
  1.000000	  0.000000	  0.000000	  0.000000	
  0.000000	  0.000000	  0.000000	  1.000000	
  0.986622	  0.000000	  0.013378	  0.000000	
  1.000000	  0.000000	  0.000000	  0.000000	
  0.008361	  0.088629	  0.827759	  0.075251	
  0.341137	  0.066890	  0.521739	  0.070234	

