MEME version 4.4

ALPHABET= ACGT

strands: + -

Background letter frequencies (from /mnt/thumper-e1/home/shhuang/projects/dap/analysis.v4/gem07_rep_memechip03/NAC_tnt/ANAC092_col_v3a/background):
A 0.29800 C 0.20200 G 0.20200 T 0.29800 

MOTIF NAC_tnt.ANAC092_col_v3a_m1 MEME

letter-probability matrix: alength= 4 w= 15 nsites= 590 E= 1.6e-1105
  0.015254	  0.984746	  0.000000	  0.000000	
  0.001695	  0.000000	  0.608475	  0.389831	
  0.001695	  0.000000	  0.000000	  0.998305	
  0.206780	  0.008475	  0.783051	  0.001695	
  0.194915	  0.213559	  0.079661	  0.511864	
  0.352542	  0.216949	  0.249153	  0.181356	
  0.294915	  0.264407	  0.281356	  0.159322	
  0.388136	  0.269492	  0.155932	  0.186441	
  0.686441	  0.045763	  0.130508	  0.137288	
  0.008475	  0.715254	  0.172881	  0.103390	
  1.000000	  0.000000	  0.000000	  0.000000	
  0.554237	  0.445763	  0.000000	  0.000000	
  0.003390	  0.000000	  0.972881	  0.023729	
  0.100000	  0.433898	  0.064407	  0.401695	
  0.671186	  0.066102	  0.000000	  0.262712	

