MEME version 4.4

ALPHABET= ACGT

strands: + -

Background letter frequencies (from /mnt/thumper-e1/home/shhuang/projects/dap/analysis.v4/gem07_rep_memechip03/MYB_tnt/MYB101_colamp_a/background):
A 0.32600 C 0.17400 G 0.17400 T 0.32600 

MOTIF MYB_tnt.MYB101_colamp_a_m1 MEME

letter-probability matrix: alength= 4 w= 15 nsites= 600 E= 4.1e-549
  0.553333	  0.106667	  0.135000	  0.205000	
  0.518333	  0.143333	  0.123333	  0.215000	
  0.270000	  0.411667	  0.070000	  0.248333	
  0.226667	  0.313333	  0.090000	  0.370000	
  0.350000	  0.193333	  0.415000	  0.041667	
  0.096667	  0.058333	  0.003333	  0.841667	
  1.000000	  0.000000	  0.000000	  0.000000	
  1.000000	  0.000000	  0.000000	  0.000000	
  0.000000	  1.000000	  0.000000	  0.000000	
  0.096667	  0.510000	  0.118333	  0.275000	
  0.200000	  0.000000	  0.800000	  0.000000	
  0.505000	  0.088333	  0.006667	  0.400000	
  0.508333	  0.260000	  0.000000	  0.231667	
  0.336667	  0.050000	  0.021667	  0.591667	
  0.253333	  0.216667	  0.126667	  0.403333	

