MEME version 4.4

ALPHABET= ACGT

strands: + -

Background letter frequencies (from /mnt/thumper-e1/home/shhuang/projects/dap/analysis.v4/gem07_rep_memechip03/MYB_tnt/MYB44_col/background):
A 0.31000 C 0.19000 G 0.19000 T 0.31000 

MOTIF MYB_tnt.MYB44_col_m1 MEME

letter-probability matrix: alength= 4 w= 19 nsites= 478 E= 8.9e-803
  0.294979	  0.100418	  0.286611	  0.317992	
  0.336820	  0.100418	  0.123431	  0.439331	
  0.309623	  0.031381	  0.324268	  0.334728	
  0.424686	  0.041841	  0.205021	  0.328452	
  0.043933	  0.753138	  0.006276	  0.196653	
  0.294979	  0.297071	  0.341004	  0.066946	
  0.012552	  0.006276	  0.981172	  0.000000	
  0.002092	  0.002092	  0.165272	  0.830544	
  0.025105	  0.010460	  0.002092	  0.962343	
  0.654812	  0.000000	  0.066946	  0.278243	
  0.433054	  0.046025	  0.064854	  0.456067	
  0.278243	  0.018828	  0.202929	  0.500000	
  0.410042	  0.037657	  0.110879	  0.441423	
  0.062762	  0.682008	  0.006276	  0.248954	
  0.292887	  0.359833	  0.263598	  0.083682	
  0.000000	  0.000000	  0.985356	  0.014644	
  0.000000	  0.000000	  0.211297	  0.788703	
  0.014644	  0.018828	  0.000000	  0.966527	
  0.479079	  0.020921	  0.267782	  0.232218	

