MEME version 4.4

ALPHABET= ACGT

strands: + -

Background letter frequencies (from /mnt/thumper-e1/home/shhuang/projects/dap/analysis.v4/gem07_rep_memechip03/NAC_tnt/AT3G12910_col_a/background):
A 0.27600 C 0.22400 G 0.22400 T 0.27600 

MOTIF NAC_tnt.AT3G12910_col_a_m1 MEME

letter-probability matrix: alength= 4 w= 17 nsites= 97 E= 3.9e-154
  0.000000	  0.443299	  0.000000	  0.556701	
  0.082474	  0.000000	  0.814433	  0.103093	
  0.000000	  0.618557	  0.360825	  0.020619	
  0.000000	  0.969072	  0.000000	  0.030928	
  0.000000	  0.000000	  0.979381	  0.020619	
  0.000000	  0.000000	  0.268041	  0.731959	
  0.257732	  0.237113	  0.350515	  0.154639	
  0.453608	  0.103093	  0.268041	  0.175258	
  0.422680	  0.154639	  0.195876	  0.226804	
  0.257732	  0.103093	  0.278351	  0.360825	
  0.319588	  0.123711	  0.216495	  0.340206	
  0.237113	  0.371134	  0.061856	  0.329897	
  0.164948	  0.247423	  0.360825	  0.226804	
  0.670103	  0.329897	  0.000000	  0.000000	
  0.000000	  0.989691	  0.010309	  0.000000	
  0.000000	  0.000000	  1.000000	  0.000000	
  0.030928	  0.206186	  0.443299	  0.319588	

