MEME version 4.4

ALPHABET= ACGT

strands: + -

Background letter frequencies (from /mnt/thumper-e1/home/shhuang/projects/dap/analysis.v4/gem07_rep_memechip03/RWPRK_tnt/RKD2_colamp_a/background):
A 0.30300 C 0.19700 G 0.19700 T 0.30300 

MOTIF RWPRK_tnt.RKD2_colamp_a_m1 MEME

letter-probability matrix: alength= 4 w= 15 nsites= 600 E= 1.2e-1568
  0.226667	  0.001667	  0.756667	  0.015000	
  0.021667	  0.001667	  0.958333	  0.018333	
  0.790000	  0.015000	  0.138333	  0.056667	
  0.983333	  0.006667	  0.000000	  0.010000	
  0.123333	  0.028333	  0.666667	  0.181667	
  0.400000	  0.248333	  0.093333	  0.258333	
  0.000000	  0.371667	  0.063333	  0.565000	
  0.066667	  0.168333	  0.743333	  0.021667	
  0.935000	  0.000000	  0.046667	  0.018333	
  0.980000	  0.000000	  0.013333	  0.006667	
  0.418333	  0.175000	  0.283333	  0.123333	
  0.376667	  0.448333	  0.173333	  0.001667	
  0.001667	  0.000000	  0.998333	  0.000000	
  0.216667	  0.051667	  0.105000	  0.626667	
  0.000000	  0.863333	  0.000000	  0.136667	

