MEME version 4.4

ALPHABET= ACGT

strands: + -

Background letter frequencies (from /mnt/thumper-e1/home/shhuang/projects/dap/analysis.v4/gem07_rep_memechip03/NAC_tnt/ANAC062_col/background):
A 0.32600 C 0.17400 G 0.17400 T 0.32600 

MOTIF NAC_tnt.ANAC062_col_m1 MEME

letter-probability matrix: alength= 4 w= 15 nsites= 598 E= 7.4e-1214
  0.000000	  1.000000	  0.000000	  0.000000	
  0.000000	  0.000000	  0.000000	  1.000000	
  0.000000	  0.000000	  0.000000	  1.000000	
  0.600334	  0.095318	  0.272575	  0.031773	
  0.237458	  0.312709	  0.341137	  0.108696	
  0.220736	  0.262542	  0.138796	  0.377926	
  0.192308	  0.157191	  0.394649	  0.255853	
  0.444816	  0.182274	  0.249164	  0.123746	
  0.224080	  0.165552	  0.123746	  0.486622	
  0.006689	  0.031773	  0.377926	  0.583612	
  1.000000	  0.000000	  0.000000	  0.000000	
  1.000000	  0.000000	  0.000000	  0.000000	
  0.000000	  0.000000	  0.998328	  0.001672	
  0.173913	  0.173913	  0.260870	  0.391304	
  0.842809	  0.018395	  0.000000	  0.138796	

