MEME version 4.4

ALPHABET= ACGT

strands: + -

Background letter frequencies (from /mnt/thumper-e1/home/shhuang/projects/dap/analysis.v4/gem07_rep_memechip03/AP2EREBP_tnt/CRF4_colamp_a/background):
A 0.23600 C 0.26400 G 0.26400 T 0.23600 

MOTIF AP2EREBP_tnt.CRF4_colamp_a_m1 MEME

letter-probability matrix: alength= 4 w= 15 nsites= 600 E= 2.6e-1338
  0.230000	  0.320000	  0.031667	  0.418333	
  0.170000	  0.060000	  0.636667	  0.133333	
  0.263333	  0.001667	  0.700000	  0.035000	
  0.023333	  0.745000	  0.000000	  0.231667	
  0.013333	  0.000000	  0.975000	  0.011667	
  0.016667	  0.006667	  0.976667	  0.000000	
  0.006667	  0.935000	  0.000000	  0.058333	
  0.000000	  0.000000	  1.000000	  0.000000	
  0.001667	  0.055000	  0.943333	  0.000000	
  0.166667	  0.766667	  0.000000	  0.066667	
  0.028333	  0.015000	  0.883333	  0.073333	
  0.175000	  0.120000	  0.646667	  0.058333	
  0.301667	  0.365000	  0.080000	  0.253333	
  0.153333	  0.036667	  0.675000	  0.135000	
  0.221667	  0.081667	  0.603333	  0.093333	

