MEME version 4.4

ALPHABET= ACGT

strands: + -

Background letter frequencies (from /mnt/thumper-e1/home/shhuang/projects/dap/analysis.v4/gem07_rep_memechip03/MYB_tnt/ATY13_colamp_a/background):
A 0.29000 C 0.21000 G 0.21000 T 0.29000 

MOTIF MYB_tnt.ATY13_colamp_a_m1 MEME

letter-probability matrix: alength= 4 w= 15 nsites= 564 E= 1.4e-759
  0.179078	  0.544326	  0.042553	  0.234043	
  0.710993	  0.129433	  0.047872	  0.111702	
  0.500000	  0.328014	  0.031915	  0.140071	
  0.000000	  0.755319	  0.015957	  0.228723	
  0.218085	  0.260638	  0.056738	  0.464539	
  0.496454	  0.278369	  0.086879	  0.138298	
  0.101064	  0.792553	  0.000000	  0.106383	
  0.021277	  0.851064	  0.003546	  0.124113	
  1.000000	  0.000000	  0.000000	  0.000000	
  0.746454	  0.241135	  0.003546	  0.008865	
  0.000000	  1.000000	  0.000000	  0.000000	
  0.184397	  0.391844	  0.033688	  0.390071	
  0.725177	  0.040780	  0.152482	  0.081560	
  0.250000	  0.540780	  0.015957	  0.193262	
  0.200355	  0.484043	  0.014184	  0.301418	

