MEME version 4.4

ALPHABET= ACGT

strands: + -

Background letter frequencies (from /mnt/thumper-e1/home/shhuang/projects/dap/analysis.v4/gem07_rep_memechip03/C2C2dof_tnt/dof24_colamp_a/background):
A 0.33900 C 0.16100 G 0.16100 T 0.33900 

MOTIF C2C2dof_tnt.dof24_colamp_a_m1 MEME

letter-probability matrix: alength= 4 w= 15 nsites= 597 E= 1.2e-461
  0.437186	  0.134003	  0.170854	  0.257956	
  0.443886	  0.105528	  0.179229	  0.271357	
  0.480737	  0.127303	  0.159129	  0.232831	
  0.396985	  0.155779	  0.224456	  0.222781	
  0.390285	  0.204355	  0.211055	  0.194305	
  0.204355	  0.338358	  0.229481	  0.227806	
  0.922948	  0.000000	  0.048576	  0.028476	
  0.725293	  0.000000	  0.000000	  0.274707	
  1.000000	  0.000000	  0.000000	  0.000000	
  1.000000	  0.000000	  0.000000	  0.000000	
  0.971524	  0.000000	  0.028476	  0.000000	
  0.000000	  0.000000	  1.000000	  0.000000	
  0.016750	  0.092127	  0.201005	  0.690117	
  0.360134	  0.053601	  0.289782	  0.296482	
  0.542714	  0.063652	  0.244556	  0.149079	

