MEME version 4.4

ALPHABET= ACGT

strands: + -

Background letter frequencies (from /mnt/thumper-e1/home/shhuang/projects/dap/analysis.v4/gem07_rep_memechip03/bHLH_tnt/BIM1_colamp_a/background):
A 0.29700 C 0.20300 G 0.20300 T 0.29700 

MOTIF bHLH_tnt.BIM1_colamp_a_m1 MEME

letter-probability matrix: alength= 4 w= 22 nsites= 562 E= 1.9e-1314
  0.279359	  0.231317	  0.128114	  0.361210	
  0.341637	  0.249110	  0.362989	  0.046263	
  0.096085	  0.080071	  0.179715	  0.644128	
  0.000000	  1.000000	  0.000000	  0.000000	
  1.000000	  0.000000	  0.000000	  0.000000	
  0.000000	  1.000000	  0.000000	  0.000000	
  0.000000	  0.000000	  1.000000	  0.000000	
  0.000000	  0.000000	  0.000000	  1.000000	
  0.000000	  0.000000	  1.000000	  0.000000	
  0.683274	  0.227758	  0.016014	  0.072954	
  0.062278	  0.565836	  0.122776	  0.249110	
  0.275801	  0.288256	  0.097865	  0.338078	
  0.254448	  0.279359	  0.120996	  0.345196	
  0.231317	  0.263345	  0.145907	  0.359431	
  0.135231	  0.494662	  0.103203	  0.266904	
  0.451957	  0.220641	  0.135231	  0.192171	
  0.176157	  0.475089	  0.083630	  0.265125	
  0.227758	  0.238434	  0.368327	  0.165480	
  0.199288	  0.213523	  0.090747	  0.496441	
  0.190391	  0.211744	  0.350534	  0.247331	
  0.231317	  0.288256	  0.204626	  0.275801	
  0.225979	  0.281139	  0.174377	  0.318505	

