MEME version 4.4

ALPHABET= ACGT

strands: + -

Background letter frequencies (from /mnt/thumper-e1/home/shhuang/projects/dap/analysis.v4/gem07_rep_memechip03/bHLH_tnt/bHLH122_col100_a/background):
A 0.30800 C 0.19200 G 0.19200 T 0.30800 

MOTIF bHLH_tnt.bHLH122_col100_a_m1 MEME

letter-probability matrix: alength= 4 w= 14 nsites= 597 E= 6.3e-1060
  0.246231	  0.137353	  0.201005	  0.415410	
  0.202680	  0.229481	  0.242881	  0.324958	
  0.365159	  0.075377	  0.269682	  0.289782	
  0.165829	  0.209380	  0.355109	  0.269682	
  0.011725	  0.988275	  0.000000	  0.000000	
  0.551089	  0.435511	  0.000000	  0.013400	
  1.000000	  0.000000	  0.000000	  0.000000	
  0.000000	  0.994975	  0.005025	  0.000000	
  0.000000	  0.000000	  0.001675	  0.998325	
  0.001675	  0.000000	  0.000000	  0.998325	
  0.001675	  0.000000	  0.998325	  0.000000	
  0.127303	  0.505863	  0.137353	  0.229481	
  0.353434	  0.281407	  0.132328	  0.232831	
  0.284757	  0.247906	  0.113903	  0.353434	

