MEME version 4.4

ALPHABET= ACGT

strands: + -

Background letter frequencies (from /mnt/thumper-e1/home/shhuang/projects/dap/analysis.v4/gem07_rep_memechip03/MADS_tnt/SVP_colamp_v3b/background):
A 0.30200 C 0.19800 G 0.19800 T 0.30200 

MOTIF MADS_tnt.SVP_colamp_v3b_m1 MEME

letter-probability matrix: alength= 4 w= 15 nsites= 581 E= 1.1e-1206
  0.163511	  0.027539	  0.216867	  0.592083	
  0.309811	  0.039587	  0.254733	  0.395869	
  0.067126	  0.913941	  0.000000	  0.018933	
  0.000000	  0.929432	  0.000000	  0.070568	
  0.308090	  0.383821	  0.211704	  0.096386	
  0.721170	  0.013769	  0.161790	  0.103270	
  0.939759	  0.000000	  0.022375	  0.037866	
  0.724613	  0.000000	  0.000000	  0.275387	
  0.736661	  0.111876	  0.056799	  0.094664	
  0.292599	  0.211704	  0.251291	  0.244406	
  0.036145	  0.000000	  0.963855	  0.000000	
  0.000000	  0.000000	  1.000000	  0.000000	
  0.533563	  0.166954	  0.008606	  0.290878	
  0.903614	  0.046472	  0.000000	  0.049914	
  0.869191	  0.024096	  0.051635	  0.055077	

