MEME version 4.4

ALPHABET= ACGT

strands: + -

Background letter frequencies (from /mnt/thumper-e1/home/shhuang/projects/dap/analysis.v4/gem07_rep_memechip03/BBRBPC_tnt/BPC5_col_a/background):
A 0.29300 C 0.20700 G 0.20700 T 0.29300 

MOTIF BBRBPC_tnt.BPC5_col_a_m1 MEME

letter-probability matrix: alength= 4 w= 30 nsites= 102 E= 1.0e-1327
  0.931373	  0.000000	  0.068627	  0.000000	
  0.029412	  0.000000	  0.970588	  0.000000	
  1.000000	  0.000000	  0.000000	  0.000000	
  0.019608	  0.000000	  0.960784	  0.019608	
  0.980392	  0.000000	  0.000000	  0.019608	
  0.009804	  0.000000	  0.970588	  0.019608	
  0.970588	  0.000000	  0.000000	  0.029412	
  0.000000	  0.009804	  0.980392	  0.009804	
  0.970588	  0.000000	  0.019608	  0.009804	
  0.009804	  0.009804	  0.980392	  0.000000	
  1.000000	  0.000000	  0.000000	  0.000000	
  0.000000	  0.000000	  1.000000	  0.000000	
  1.000000	  0.000000	  0.000000	  0.000000	
  0.039216	  0.000000	  0.950980	  0.009804	
  0.990196	  0.000000	  0.009804	  0.000000	
  0.019608	  0.000000	  0.980392	  0.000000	
  0.990196	  0.000000	  0.009804	  0.000000	
  0.009804	  0.009804	  0.980392	  0.000000	
  0.960784	  0.000000	  0.009804	  0.029412	
  0.009804	  0.009804	  0.970588	  0.009804	
  0.990196	  0.000000	  0.009804	  0.000000	
  0.000000	  0.009804	  0.990196	  0.000000	
  0.980392	  0.000000	  0.000000	  0.019608	
  0.009804	  0.009804	  0.970588	  0.009804	
  0.960784	  0.000000	  0.029412	  0.009804	
  0.009804	  0.009804	  0.970588	  0.009804	
  0.960784	  0.000000	  0.000000	  0.039216	
  0.000000	  0.039216	  0.960784	  0.000000	
  0.980392	  0.019608	  0.000000	  0.000000	
  0.049020	  0.029412	  0.892157	  0.029412	

