MEME version 4.4

ALPHABET= ACGT

strands: + -

Background letter frequencies (from /mnt/thumper-e1/home/shhuang/projects/dap/analysis.v4/gem07_rep_memechip03/Homeobox_tnt/HAT5_colamp_a/background):
A 0.34900 C 0.15100 G 0.15100 T 0.34900 

MOTIF Homeobox_tnt.HAT5_colamp_a_m1 MEME

letter-probability matrix: alength= 4 w= 14 nsites= 571 E= 1.2e-664
  0.451839	  0.126095	  0.108581	  0.313485	
  0.281961	  0.245184	  0.159370	  0.313485	
  0.108581	  0.654991	  0.000000	  0.236427	
  1.000000	  0.000000	  0.000000	  0.000000	
  1.000000	  0.000000	  0.000000	  0.000000	
  0.000000	  0.000000	  0.000000	  1.000000	
  0.950963	  0.017513	  0.031524	  0.000000	
  1.000000	  0.000000	  0.000000	  0.000000	
  0.000000	  0.000000	  0.000000	  1.000000	
  0.024518	  0.000000	  0.073555	  0.901926	
  0.231173	  0.120841	  0.583187	  0.064799	
  0.558669	  0.098074	  0.110333	  0.232925	
  0.371278	  0.112084	  0.213660	  0.302977	
  0.273205	  0.187391	  0.229422	  0.309982	

