MEME version 4.4

ALPHABET= ACGT

strands: + -

Background letter frequencies (from /mnt/thumper-e1/home/shhuang/projects/dap/analysis.v4/gem07_rep_memechip03/MYB_tnt/MYB118_colamp_a/background):
A 0.34000 C 0.16100 G 0.16100 T 0.34000 

MOTIF MYB_tnt.MYB118_colamp_a_m1 MEME

letter-probability matrix: alength= 4 w= 15 nsites= 597 E= 1.2e-1254
  0.492462	  0.085427	  0.140704	  0.281407	
  0.480737	  0.090452	  0.085427	  0.343384	
  0.458961	  0.041876	  0.063652	  0.435511	
  0.395310	  0.097152	  0.065327	  0.442211	
  0.155779	  0.304858	  0.011725	  0.527638	
  0.025126	  0.000000	  0.974874	  0.000000	
  0.000000	  0.000000	  0.000000	  1.000000	
  1.000000	  0.000000	  0.000000	  0.000000	
  1.000000	  0.000000	  0.000000	  0.000000	
  0.000000	  1.000000	  0.000000	  0.000000	
  0.000000	  0.207705	  0.770519	  0.021776	
  0.000000	  0.072027	  0.681742	  0.246231	
  0.262982	  0.180905	  0.000000	  0.556114	
  0.088777	  0.395310	  0.000000	  0.515913	
  0.567839	  0.053601	  0.278057	  0.100503	

