MEME version 4.4

ALPHABET= ACGT

strands: + -

Background letter frequencies (from /mnt/thumper-e1/home/shhuang/projects/dap/analysis.v4/gem07_rep_memechip03/bZIP_tnt/TGA2_col/background):
A 0.29900 C 0.20100 G 0.20100 T 0.29900 

MOTIF bZIP_tnt.TGA2_col_m1 MEME

letter-probability matrix: alength= 4 w= 20 nsites= 599 E= 1.9e-1729
  0.340568	  0.115192	  0.307179	  0.237062	
  0.477462	  0.113523	  0.395659	  0.013356	
  0.000000	  0.000000	  0.000000	  1.000000	
  0.000000	  0.003339	  0.986644	  0.010017	
  1.000000	  0.000000	  0.000000	  0.000000	
  0.000000	  0.973289	  0.000000	  0.026711	
  0.028381	  0.001669	  0.969950	  0.000000	
  0.001669	  0.000000	  0.000000	  0.998331	
  0.118531	  0.881469	  0.000000	  0.000000	
  0.989983	  0.000000	  0.003339	  0.006678	
  0.003339	  0.150250	  0.332220	  0.514190	
  0.085142	  0.702838	  0.090150	  0.121870	
  0.477462	  0.088481	  0.186978	  0.247078	
  0.252087	  0.138564	  0.143573	  0.465776	
  0.240401	  0.305509	  0.113523	  0.340568	
  0.270451	  0.220367	  0.242070	  0.267112	
  0.258765	  0.237062	  0.166945	  0.337229	
  0.198664	  0.302170	  0.165275	  0.333890	
  0.248748	  0.168614	  0.318865	  0.263773	
  0.258765	  0.186978	  0.160267	  0.393990	

