MEME version 4.4

ALPHABET= ACGT

strands: + -

Background letter frequencies (from /mnt/thumper-e1/home/shhuang/projects/dap/analysis.v4/gem07_rep_memechip03/MYB_tnt/MYB105_colamp_a/background):
A 0.32800 C 0.17200 G 0.17200 T 0.32800 

MOTIF MYB_tnt.MYB105_colamp_a_m1 MEME

letter-probability matrix: alength= 4 w= 17 nsites= 586 E= 1.2e-679
  0.343003	  0.261092	  0.145051	  0.250853	
  0.208191	  0.215017	  0.368601	  0.208191	
  0.348123	  0.051195	  0.215017	  0.385666	
  0.247440	  0.092150	  0.095563	  0.564846	
  0.436860	  0.162116	  0.083618	  0.317406	
  0.399317	  0.098976	  0.199659	  0.302048	
  0.412969	  0.146758	  0.088737	  0.351536	
  0.000000	  0.020478	  0.000000	  0.979522	
  1.000000	  0.000000	  0.000000	  0.000000	
  1.000000	  0.000000	  0.000000	  0.000000	
  0.000000	  1.000000	  0.000000	  0.000000	
  0.030717	  0.102389	  0.747440	  0.119454	
  0.151877	  0.000000	  0.848123	  0.000000	
  0.257679	  0.085324	  0.000000	  0.656997	
  0.418089	  0.138225	  0.044369	  0.399317	
  0.354949	  0.071672	  0.037543	  0.535836	
  0.189420	  0.269625	  0.097270	  0.443686	

