MEME version 4.4

ALPHABET= ACGT

strands: + -

Background letter frequencies (from /mnt/thumper-e1/home/shhuang/projects/dap/analysis.v4/gem07_rep_memechip03/AP2EREBP_tnt/PLT3_col_a/background):
A 0.29200 C 0.20800 G 0.20800 T 0.29200 

MOTIF AP2EREBP_tnt.PLT3_col_a_m1 MEME

letter-probability matrix: alength= 4 w= 15 nsites= 531 E= 5.3e-659
  0.020716	  0.649718	  0.030132	  0.299435	
  0.254237	  0.661017	  0.024482	  0.060264	
  0.003766	  0.045198	  0.005650	  0.945386	
  0.062147	  0.672316	  0.062147	  0.203390	
  0.003766	  0.013183	  0.973635	  0.009416	
  0.418079	  0.000000	  0.523540	  0.058380	
  0.314501	  0.013183	  0.448211	  0.224105	
  0.693032	  0.030132	  0.086629	  0.190207	
  0.419962	  0.045198	  0.077213	  0.457627	
  0.180791	  0.288136	  0.182674	  0.348399	
  0.069680	  0.700565	  0.032015	  0.197740	
  0.043315	  0.020716	  0.890772	  0.045198	
  0.156309	  0.146893	  0.111111	  0.585687	
  0.184557	  0.026365	  0.726930	  0.062147	
  0.246704	  0.489642	  0.045198	  0.218456	

