MEME version 4.4

ALPHABET= ACGT

strands: + -

Background letter frequencies (from /mnt/thumper-e1/home/shhuang/projects/dap/analysis.v4/gem07_rep_memechip03/WRKY_tnt/WRKY50_col_a/background):
A 0.33300 C 0.16800 G 0.16800 T 0.33300 

MOTIF WRKY_tnt.WRKY50_col_a_m1 MEME

letter-probability matrix: alength= 4 w= 13 nsites= 568 E= 3.7e-1029
  0.183099	  0.375000	  0.154930	  0.286972	
  0.100352	  0.098592	  0.380282	  0.420775	
  0.010563	  0.001761	  0.003521	  0.984155	
  0.005282	  0.000000	  0.000000	  0.994718	
  0.000000	  0.000000	  1.000000	  0.000000	
  0.998239	  0.000000	  0.001761	  0.000000	
  0.000000	  1.000000	  0.000000	  0.000000	
  0.003521	  0.038732	  0.001761	  0.955986	
  0.075704	  0.017606	  0.007042	  0.899648	
  0.051056	  0.040493	  0.024648	  0.883803	
  0.089789	  0.110915	  0.084507	  0.714789	
  0.204225	  0.154930	  0.158451	  0.482394	
  0.250000	  0.218310	  0.153169	  0.378521	

