MEME version 4.4

ALPHABET= ACGT

strands: + -

Background letter frequencies (from /mnt/thumper-e1/home/shhuang/projects/dap/analysis.v4/gem07_rep_memechip03/bZIP_tnt/bZIP52_col_v31/background):
A 0.30900 C 0.19100 G 0.19100 T 0.30900 

MOTIF bZIP_tnt.bZIP52_col_v31_m1 MEME

letter-probability matrix: alength= 4 w= 14 nsites= 599 E= 4.9e-1019
  0.345576	  0.113523	  0.181970	  0.358932	
  0.085142	  0.113523	  0.076795	  0.724541	
  0.000000	  0.000000	  0.914858	  0.085142	
  0.515860	  0.484140	  0.000000	  0.000000	
  0.000000	  1.000000	  0.000000	  0.000000	
  1.000000	  0.000000	  0.000000	  0.000000	
  0.001669	  0.000000	  0.998331	  0.000000	
  0.005008	  0.799666	  0.141903	  0.053422	
  0.000000	  0.330551	  0.006678	  0.662771	
  0.101836	  0.130217	  0.404007	  0.363940	
  0.193656	  0.000000	  0.554257	  0.252087	
  0.163606	  0.196995	  0.232053	  0.407346	
  0.312187	  0.340568	  0.108514	  0.238731	
  0.412354	  0.170284	  0.126878	  0.290484	

