MEME version 4.4

ALPHABET= ACGT

strands: + -

Background letter frequencies (from /mnt/thumper-e1/home/shhuang/projects/dap/analysis.v4/gem07_rep_memechip03/CPP_tnt/SOL1_colamp_a/background):
A 0.36900 C 0.13100 G 0.13100 T 0.36900 

MOTIF CPP_tnt.SOL1_colamp_a_m1 MEME

letter-probability matrix: alength= 4 w= 15 nsites= 600 E= 2.4e-711
  0.518333	  0.095000	  0.193333	  0.193333	
  0.581667	  0.001667	  0.100000	  0.316667	
  0.000000	  0.000000	  0.000000	  1.000000	
  0.000000	  0.000000	  0.000000	  1.000000	
  0.000000	  0.451667	  0.003333	  0.545000	
  0.650000	  0.000000	  0.350000	  0.000000	
  1.000000	  0.000000	  0.000000	  0.000000	
  0.996667	  0.000000	  0.001667	  0.001667	
  0.233333	  0.033333	  0.000000	  0.733333	
  0.055000	  0.045000	  0.016667	  0.883333	
  0.033333	  0.125000	  0.021667	  0.820000	
  0.125000	  0.298333	  0.256667	  0.320000	
  0.690000	  0.073333	  0.116667	  0.120000	
  0.801667	  0.010000	  0.033333	  0.155000	
  0.646667	  0.038333	  0.088333	  0.226667	

