MEME version 4.4

ALPHABET= ACGT

strands: + -

Background letter frequencies (from /mnt/thumper-e1/home/shhuang/projects/dap/analysis.v4/gem07_rep_memechip03/C2H2_tnt/IDD2_col_a/background):
A 0.32100 C 0.17900 G 0.17900 T 0.32100 

MOTIF C2H2_tnt.IDD2_col_a_m1 MEME

letter-probability matrix: alength= 4 w= 15 nsites= 94 E= 9.4e-214
  0.297872	  0.393617	  0.021277	  0.287234	
  0.680851	  0.042553	  0.265957	  0.010638	
  0.085106	  0.361702	  0.351064	  0.202128	
  0.606383	  0.010638	  0.021277	  0.361702	
  0.925532	  0.000000	  0.000000	  0.074468	
  0.723404	  0.063830	  0.180851	  0.031915	
  0.968085	  0.021277	  0.010638	  0.000000	
  0.255319	  0.712766	  0.031915	  0.000000	
  0.021277	  0.000000	  0.978723	  0.000000	
  1.000000	  0.000000	  0.000000	  0.000000	
  0.053191	  0.946809	  0.000000	  0.000000	
  0.989362	  0.000000	  0.010638	  0.000000	
  0.882979	  0.117021	  0.000000	  0.000000	
  0.968085	  0.000000	  0.031915	  0.000000	
  0.797872	  0.074468	  0.000000	  0.127660	

