MEME version 4.4

ALPHABET= ACGT

strands: + -

Background letter frequencies (from /mnt/thumper-e1/home/shhuang/projects/dap/analysis.v4/gem07_rep_memechip03/E2FDP_tnt/DEL1_colamp_a/background):
A 0.33800 C 0.16200 G 0.16200 T 0.33800 

MOTIF E2FDP_tnt.DEL1_colamp_a_m1 MEME

letter-probability matrix: alength= 4 w= 15 nsites= 584 E= 2.3e-3005
  0.232877	  0.010274	  0.214041	  0.542808	
  0.109589	  0.003425	  0.020548	  0.866438	
  0.027397	  0.000000	  0.000000	  0.972603	
  0.015411	  0.000000	  0.001712	  0.982877	
  0.017123	  0.001712	  0.005137	  0.976027	
  0.008562	  0.006849	  0.977740	  0.006849	
  0.003425	  0.000000	  0.996575	  0.000000	
  0.001712	  0.998288	  0.000000	  0.000000	
  0.000000	  0.000000	  0.998288	  0.001712	
  0.000000	  0.018836	  0.979452	  0.001712	
  0.017123	  0.005137	  0.974315	  0.003425	
  0.994863	  0.000000	  0.005137	  0.000000	
  1.000000	  0.000000	  0.000000	  0.000000	
  0.926370	  0.008562	  0.015411	  0.049658	
  0.717466	  0.056507	  0.027397	  0.198630	

