MEME version 4.4

ALPHABET= ACGT

strands: + -

Background letter frequencies (from /mnt/thumper-e1/home/shhuang/projects/dap/analysis.v4/gem07_rep_memechip03/MYB_tnt/MYB43_col_a/background):
A 0.32000 C 0.18000 G 0.18000 T 0.32000 

MOTIF MYB_tnt.MYB43_col_a_m1 MEME

letter-probability matrix: alength= 4 w= 13 nsites= 83 E= 6.3e-095
  0.566265	  0.024096	  0.168675	  0.240964	
  0.530120	  0.024096	  0.156627	  0.289157	
  0.325301	  0.012048	  0.662651	  0.000000	
  0.000000	  0.000000	  0.602410	  0.397590	
  0.000000	  0.000000	  0.000000	  1.000000	
  0.650602	  0.000000	  0.000000	  0.349398	
  0.000000	  0.000000	  1.000000	  0.000000	
  0.000000	  0.000000	  0.975904	  0.024096	
  0.000000	  0.000000	  0.000000	  1.000000	
  0.421687	  0.012048	  0.542169	  0.024096	
  0.590361	  0.048193	  0.216867	  0.144578	
  0.554217	  0.084337	  0.361446	  0.000000	
  0.325301	  0.216867	  0.325301	  0.132530	

