MEME version 4.4

ALPHABET= ACGT

strands: + -

Background letter frequencies (from /mnt/thumper-e1/home/shhuang/projects/dap/analysis.v4/gem07_rep_memechip03/WRKY_tnt/WRKY43_colamp_a/background):
A 0.31200 C 0.18800 G 0.18800 T 0.31200 

MOTIF WRKY_tnt.WRKY43_colamp_a_m1 MEME

letter-probability matrix: alength= 4 w= 15 nsites= 589 E= 9.8e-1223
  0.410866	  0.202037	  0.127334	  0.259762	
  0.382003	  0.176570	  0.212224	  0.229202	
  0.426146	  0.186757	  0.195246	  0.191851	
  0.544992	  0.151104	  0.149406	  0.154499	
  0.718166	  0.056027	  0.071307	  0.154499	
  0.718166	  0.069610	  0.035654	  0.176570	
  0.792869	  0.000000	  0.207131	  0.000000	
  0.000000	  0.000000	  1.000000	  0.000000	
  0.000000	  0.000000	  0.000000	  1.000000	
  0.000000	  1.000000	  0.000000	  0.000000	
  1.000000	  0.000000	  0.000000	  0.000000	
  1.000000	  0.000000	  0.000000	  0.000000	
  0.120543	  0.845501	  0.000000	  0.033956	
  0.140917	  0.071307	  0.711375	  0.076401	
  0.319185	  0.271647	  0.200340	  0.208829	

