MEME version 4.4

ALPHABET= ACGT

strands: + -

Background letter frequencies (from /mnt/thumper-e1/home/shhuang/projects/dap/analysis.v4/gem07_rep_memechip03/NAC_tnt/ANAC071_colamp_a/background):
A 0.30600 C 0.19400 G 0.19400 T 0.30600 

MOTIF NAC_tnt.ANAC071_colamp_a_m1 MEME

letter-probability matrix: alength= 4 w= 15 nsites= 596 E= 1.6e-973
  0.028523	  0.963087	  0.008389	  0.000000	
  0.000000	  0.006711	  0.157718	  0.835570	
  0.003356	  0.003356	  0.000000	  0.993289	
  0.055369	  0.478188	  0.385906	  0.080537	
  0.473154	  0.139262	  0.090604	  0.296980	
  0.276846	  0.203020	  0.187919	  0.332215	
  0.224832	  0.343960	  0.166107	  0.265101	
  0.162752	  0.265101	  0.174497	  0.397651	
  0.216443	  0.216443	  0.154362	  0.412752	
  0.031879	  0.679530	  0.196309	  0.092282	
  1.000000	  0.000000	  0.000000	  0.000000	
  0.679530	  0.320470	  0.000000	  0.000000	
  0.000000	  0.000000	  0.989933	  0.010067	
  0.046980	  0.380872	  0.036913	  0.535235	
  0.790268	  0.038591	  0.000000	  0.171141	

