MEME version 4.4

ALPHABET= ACGT

strands: + -

Background letter frequencies (from /mnt/thumper-e1/home/shhuang/projects/dap/analysis.v4/gem07_rep_memechip03/AP2EREBP_tnt/At4g32800_col/background):
A 0.29200 C 0.20800 G 0.20800 T 0.29200 

MOTIF AP2EREBP_tnt.At4g32800_col_m1 MEME

letter-probability matrix: alength= 4 w= 16 nsites= 591 E= 8.9e-1518
  0.294416	  0.311337	  0.138748	  0.255499	
  0.285956	  0.137056	  0.258883	  0.318105	
  0.049069	  0.595601	  0.140440	  0.214890	
  0.030457	  0.908629	  0.023689	  0.037225	
  0.913706	  0.000000	  0.086294	  0.000000	
  0.000000	  1.000000	  0.000000	  0.000000	
  0.000000	  1.000000	  0.000000	  0.000000	
  0.000000	  0.000000	  1.000000	  0.000000	
  0.994924	  0.000000	  0.000000	  0.005076	
  0.000000	  1.000000	  0.000000	  0.000000	
  0.959391	  0.000000	  0.038917	  0.001692	
  0.363790	  0.341794	  0.137056	  0.157360	
  0.375635	  0.164129	  0.064298	  0.395939	
  0.333333	  0.145516	  0.164129	  0.357022	
  0.272420	  0.233503	  0.162437	  0.331641	
  0.231810	  0.323181	  0.123519	  0.321489	

