MEME version 4.4

ALPHABET= ACGT

strands: + -

Background letter frequencies (from /mnt/thumper-e1/home/shhuang/projects/dap/analysis.v4/gem07_rep_memechip03/bHLH_tnt/bHLH10_col_a/background):
A 0.28400 C 0.21600 G 0.21600 T 0.28400 

MOTIF bHLH_tnt.bHLH10_col_a_m1 MEME

letter-probability matrix: alength= 4 w= 14 nsites= 596 E= 5.2e-1128
  0.312081	  0.109060	  0.350671	  0.228188	
  0.291946	  0.208054	  0.255034	  0.244966	
  0.328859	  0.248322	  0.105705	  0.317114	
  0.322148	  0.097315	  0.229866	  0.350671	
  0.171141	  0.154362	  0.340604	  0.333893	
  0.033557	  0.144295	  0.000000	  0.822148	
  0.000000	  0.000000	  1.000000	  0.000000	
  0.033557	  0.000000	  0.036913	  0.929530	
  0.000000	  1.000000	  0.000000	  0.000000	
  0.001678	  0.000000	  0.998322	  0.000000	
  0.000000	  0.000000	  1.000000	  0.000000	
  0.000000	  0.238255	  0.000000	  0.761745	
  0.134228	  0.050336	  0.763423	  0.052013	
  0.265101	  0.120805	  0.516779	  0.097315	

