MEME version 4.4

ALPHABET= ACGT

strands: + -

Background letter frequencies (from /mnt/thumper-e1/home/shhuang/projects/dap/analysis.v4/gem07_rep_memechip03/WRKY_tnt/WRKY24_colamp_a/background):
A 0.30800 C 0.19200 G 0.19200 T 0.30800 

MOTIF WRKY_tnt.WRKY24_colamp_a_m1 MEME

letter-probability matrix: alength= 4 w= 13 nsites= 600 E= 2.1e-1325
  0.385000	  0.095000	  0.268333	  0.251667	
  0.211667	  0.210000	  0.281667	  0.296667	
  0.058333	  0.763333	  0.041667	  0.136667	
  0.016667	  0.000000	  0.931667	  0.051667	
  0.000000	  0.000000	  0.000000	  1.000000	
  0.000000	  0.000000	  0.000000	  1.000000	
  0.000000	  0.000000	  1.000000	  0.000000	
  0.996667	  0.000000	  0.003333	  0.000000	
  0.000000	  1.000000	  0.000000	  0.000000	
  0.000000	  0.203333	  0.000000	  0.796667	
  0.211667	  0.046667	  0.061667	  0.680000	
  0.171667	  0.086667	  0.051667	  0.690000	
  0.171667	  0.163333	  0.166667	  0.498333	

