MEME version 4.4

ALPHABET= ACGT

strands: + -

Background letter frequencies (from /mnt/thumper-e1/home/shhuang/projects/dap/analysis.v4/gem07_rep_memechip03/EIL_tnt/EIL3_col_b/background):
A 0.32300 C 0.17700 G 0.17700 T 0.32300 

MOTIF EIL_tnt.EIL3_col_b_m1 MEME

letter-probability matrix: alength= 4 w= 21 nsites= 94 E= 1.1e-118
  0.265957	  0.212766	  0.319149	  0.202128	
  0.095745	  0.340426	  0.031915	  0.531915	
  0.031915	  0.000000	  0.957447	  0.010638	
  0.074468	  0.000000	  0.138298	  0.787234	
  0.010638	  0.914894	  0.074468	  0.000000	
  0.042553	  0.414894	  0.000000	  0.542553	
  0.840426	  0.053191	  0.000000	  0.106383	
  0.063830	  0.074468	  0.808511	  0.053191	
  0.457447	  0.000000	  0.489362	  0.053191	
  0.000000	  0.000000	  0.000000	  1.000000	
  0.212766	  0.042553	  0.085106	  0.659574	
  0.000000	  1.000000	  0.000000	  0.000000	
  0.851064	  0.031915	  0.021277	  0.095745	
  0.276596	  0.106383	  0.095745	  0.521277	
  0.255319	  0.106383	  0.170213	  0.468085	
  0.287234	  0.127660	  0.361702	  0.223404	
  0.393617	  0.106383	  0.106383	  0.393617	
  0.446809	  0.223404	  0.117021	  0.212766	
  0.244681	  0.138298	  0.212766	  0.404255	
  0.276596	  0.361702	  0.095745	  0.265957	
  0.180851	  0.170213	  0.095745	  0.553191	

