MEME version 4.4

ALPHABET= ACGT

strands: + -

Background letter frequencies (from /mnt/thumper-e1/home/shhuang/projects/dap/analysis.v4/gem07_rep_memechip03/AP2EREBP_tnt/TINY_col_a/background):
A 0.27700 C 0.22300 G 0.22300 T 0.27700 

MOTIF AP2EREBP_tnt.TINY_col_a_m1 MEME

letter-probability matrix: alength= 4 w= 15 nsites= 596 E= 1.1e-1053
  0.244966	  0.379195	  0.110738	  0.265101	
  0.248322	  0.164430	  0.236577	  0.350671	
  0.092282	  0.536913	  0.088926	  0.281879	
  0.068792	  0.724832	  0.038591	  0.167785	
  0.684564	  0.000000	  0.312081	  0.003356	
  0.000000	  1.000000	  0.000000	  0.000000	
  0.000000	  1.000000	  0.000000	  0.000000	
  0.000000	  0.000000	  1.000000	  0.000000	
  0.895973	  0.055369	  0.000000	  0.048658	
  0.000000	  1.000000	  0.000000	  0.000000	
  0.813758	  0.003356	  0.159396	  0.023490	
  0.355705	  0.317114	  0.137584	  0.189597	
  0.340604	  0.213087	  0.107383	  0.338926	
  0.327181	  0.110738	  0.276846	  0.285235	
  0.258389	  0.290268	  0.159396	  0.291946	

