MEME version 4.4

ALPHABET= ACGT

strands: + -

Background letter frequencies (from /mnt/thumper-e1/home/shhuang/projects/dap/analysis.v4/gem07_rep_memechip03/NAC_tnt/NTL8_col/background):
A 0.31100 C 0.18900 G 0.18900 T 0.31100 

MOTIF NAC_tnt.NTL8_col_m1 MEME

letter-probability matrix: alength= 4 w= 19 nsites= 591 E= 5.2e-1173
  0.230118	  0.196277	  0.319797	  0.253807	
  0.038917	  0.006768	  0.035533	  0.918782	
  0.145516	  0.008460	  0.016920	  0.829103	
  0.170897	  0.311337	  0.147208	  0.370558	
  0.000000	  1.000000	  0.000000	  0.000000	
  0.000000	  0.120135	  0.000000	  0.879865	
  0.000000	  0.008460	  0.000000	  0.991540	
  0.060914	  0.771574	  0.077834	  0.089679	
  0.492386	  0.113367	  0.137056	  0.257191	
  0.204738	  0.274112	  0.120135	  0.401015	
  0.131980	  0.399323	  0.186125	  0.282572	
  0.247039	  0.255499	  0.162437	  0.335025	
  0.175973	  0.196277	  0.245347	  0.382403	
  0.160745	  0.311337	  0.284264	  0.243655	
  0.886633	  0.008460	  0.076142	  0.028765	
  0.680203	  0.011844	  0.306261	  0.001692	
  0.000000	  0.005076	  0.994924	  0.000000	
  0.338409	  0.131980	  0.125212	  0.404399	
  0.766497	  0.042301	  0.000000	  0.191201	

