MEME version 4.4

ALPHABET= ACGT

strands: + -

Background letter frequencies (from /mnt/thumper-e1/home/shhuang/projects/dap/analysis.v4/gem07_rep_memechip03/AP2EREBP_tnt/At1g22810_colamp_a/background):
A 0.26900 C 0.23100 G 0.23100 T 0.26900 

MOTIF AP2EREBP_tnt.At1g22810_colamp_a_m1 MEME

letter-probability matrix: alength= 4 w= 15 nsites= 596 E= 2.9e-1157
  0.192953	  0.468121	  0.120805	  0.218121	
  0.275168	  0.097315	  0.328859	  0.298658	
  0.063758	  0.528523	  0.144295	  0.263423	
  0.030201	  0.949664	  0.003356	  0.016779	
  0.902685	  0.000000	  0.097315	  0.000000	
  0.000000	  1.000000	  0.000000	  0.000000	
  0.000000	  1.000000	  0.000000	  0.000000	
  0.000000	  0.000000	  1.000000	  0.000000	
  0.796980	  0.127517	  0.005034	  0.070470	
  0.000000	  1.000000	  0.000000	  0.000000	
  0.741611	  0.090604	  0.132550	  0.035235	
  0.320470	  0.359060	  0.090604	  0.229866	
  0.293624	  0.288591	  0.152685	  0.265101	
  0.285235	  0.172819	  0.293624	  0.248322	
  0.275168	  0.330537	  0.191275	  0.203020	

