MEME version 4.4

ALPHABET= ACGT

strands: + -

Background letter frequencies (from /mnt/thumper-e1/home/shhuang/projects/dap/analysis.v4/gem07_rep_memechip03/MYBrelated_tnt/At1g49010_colamp_a/background):
A 0.32500 C 0.17500 G 0.17500 T 0.32500 

MOTIF MYBrelated_tnt.At1g49010_colamp_a_m1 MEME

letter-probability matrix: alength= 4 w= 15 nsites= 597 E= 1.4e-825
  0.309883	  0.113903	  0.298157	  0.278057	
  0.469012	  0.068677	  0.170854	  0.291457	
  0.425461	  0.041876	  0.053601	  0.479062	
  0.273032	  0.110553	  0.356784	  0.259631	
  0.383585	  0.137353	  0.083752	  0.395310	
  0.309883	  0.006700	  0.586265	  0.097152	
  0.000000	  0.000000	  1.000000	  0.000000	
  0.996650	  0.003350	  0.000000	  0.000000	
  0.000000	  0.000000	  0.000000	  1.000000	
  0.968174	  0.000000	  0.026801	  0.005025	
  0.991625	  0.000000	  0.003350	  0.005025	
  0.020101	  0.092127	  0.785595	  0.102178	
  0.355109	  0.075377	  0.517588	  0.051926	
  0.286432	  0.075377	  0.046901	  0.591290	
  0.246231	  0.102178	  0.122278	  0.529313	

