MEME version 4.4

ALPHABET= ACGT

strands: + -

Background letter frequencies (from /mnt/thumper-e1/home/shhuang/projects/dap/analysis.v4/gem07_rep_memechip03/NAC_tnt/ANAC038_colamp_a/background):
A 0.31800 C 0.18200 G 0.18200 T 0.31800 

MOTIF NAC_tnt.ANAC038_colamp_a_m1 MEME

letter-probability matrix: alength= 4 w= 21 nsites= 413 E= 1.4e-825
  0.244552	  0.089588	  0.515738	  0.150121	
  0.317191	  0.075061	  0.414044	  0.193705	
  0.186441	  0.016949	  0.014528	  0.782082	
  0.462470	  0.004843	  0.169492	  0.363196	
  0.590799	  0.065375	  0.188862	  0.154964	
  0.079903	  0.917676	  0.000000	  0.002421	
  0.000000	  0.019370	  0.440678	  0.539952	
  0.009685	  0.009685	  0.000000	  0.980630	
  0.263923	  0.038741	  0.651332	  0.046005	
  0.234867	  0.210654	  0.055690	  0.498789	
  0.331719	  0.108959	  0.276029	  0.283293	
  0.322034	  0.222760	  0.169492	  0.285714	
  0.237288	  0.276029	  0.157385	  0.329298	
  0.639225	  0.082324	  0.125908	  0.152542	
  0.031477	  0.774818	  0.116223	  0.077482	
  0.985472	  0.000000	  0.004843	  0.009685	
  0.830508	  0.169492	  0.000000	  0.000000	
  0.014528	  0.000000	  0.980630	  0.004843	
  0.397094	  0.164649	  0.072639	  0.365617	
  0.738499	  0.082324	  0.014528	  0.164649	
  0.929782	  0.016949	  0.002421	  0.050847	

