MEME version 4.4

ALPHABET= ACGT

strands: + -

Background letter frequencies (from /mnt/thumper-e1/home/shhuang/projects/dap/analysis.v4/gem07_rep_memechip03/C2C2gata_tnt/ZML1_col_a/background):
A 0.30500 C 0.19500 G 0.19500 T 0.30500 

MOTIF C2C2gata_tnt.ZML1_col_a_m1 MEME

letter-probability matrix: alength= 4 w= 15 nsites= 509 E= 5.3e-2363
  0.029470	  0.058939	  0.003929	  0.907662	
  0.011788	  0.943026	  0.035363	  0.009823	
  0.970530	  0.003929	  0.007859	  0.017682	
  0.021611	  0.037328	  0.000000	  0.941061	
  0.007859	  0.950884	  0.023576	  0.017682	
  0.958743	  0.015717	  0.005894	  0.019646	
  0.003929	  0.013752	  0.000000	  0.982318	
  0.000000	  0.998035	  0.000000	  0.001965	
  0.946955	  0.000000	  0.041257	  0.011788	
  0.023576	  0.045187	  0.013752	  0.917485	
  0.025540	  0.943026	  0.013752	  0.017682	
  0.962672	  0.005894	  0.000000	  0.031434	
  0.009823	  0.007859	  0.000000	  0.982318	
  0.017682	  0.982318	  0.000000	  0.000000	
  0.840864	  0.041257	  0.051081	  0.066798	

