MEME version 4.4

ALPHABET= ACGT

strands: + -

Background letter frequencies (from /mnt/thumper-e1/home/shhuang/projects/dap/analysis.v4/gem07_rep_memechip03/MYB_tnt/MYB67_col_a/background):
A 0.29200 C 0.20700 G 0.20700 T 0.29200 

MOTIF MYB_tnt.MYB67_col_a_m1 MEME

letter-probability matrix: alength= 4 w= 21 nsites= 599 E= 3.0e-932
  0.273790	  0.150250	  0.303840	  0.272120	
  0.260434	  0.198664	  0.253756	  0.287145	
  0.322204	  0.133556	  0.225376	  0.318865	
  0.280467	  0.138564	  0.332220	  0.248748	
  0.283806	  0.160267	  0.258765	  0.297162	
  0.283806	  0.128548	  0.295492	  0.292154	
  0.287145	  0.155259	  0.307179	  0.250417	
  0.268781	  0.141903	  0.227045	  0.362270	
  0.368948	  0.101836	  0.275459	  0.253756	
  0.358932	  0.080134	  0.338898	  0.222037	
  0.191987	  0.245409	  0.116861	  0.445743	
  0.100167	  0.000000	  0.888147	  0.011686	
  0.001669	  0.000000	  0.400668	  0.597663	
  0.000000	  0.000000	  0.000000	  1.000000	
  0.634391	  0.000000	  0.041736	  0.323873	
  0.000000	  0.000000	  1.000000	  0.000000	
  0.003339	  0.000000	  0.904841	  0.091820	
  0.000000	  0.000000	  0.000000	  1.000000	
  0.444073	  0.000000	  0.549249	  0.006678	
  0.238731	  0.198664	  0.480801	  0.081803	
  0.404007	  0.118531	  0.377295	  0.100167	

