MEME version 4.4

ALPHABET= ACGT

strands: + -

Background letter frequencies (from /mnt/thumper-e1/home/shhuang/projects/dap/analysis.v4/gem07_rep_memechip03/G2like_tnt/AT2G40260_colamp_a/background):
A 0.33900 C 0.16100 G 0.16100 T 0.33900 

MOTIF G2like_tnt.AT2G40260_colamp_a_m1 MEME

letter-probability matrix: alength= 4 w= 20 nsites= 599 E= 7.4e-550
  0.439065	  0.131886	  0.146912	  0.282137	
  0.392321	  0.131886	  0.243740	  0.232053	
  0.427379	  0.105175	  0.277129	  0.190317	
  0.417362	  0.120200	  0.218698	  0.243740	
  0.398998	  0.128548	  0.090150	  0.382304	
  0.357262	  0.191987	  0.091820	  0.358932	
  0.267112	  0.188648	  0.073456	  0.470785	
  0.333890	  0.203673	  0.141903	  0.320534	
  0.427379	  0.121870	  0.156928	  0.293823	
  0.397329	  0.111853	  0.205342	  0.285476	
  0.657763	  0.088481	  0.040067	  0.213689	
  0.838063	  0.000000	  0.000000	  0.161937	
  0.166945	  0.505843	  0.055092	  0.272120	
  0.998331	  0.000000	  0.000000	  0.001669	
  0.000000	  0.000000	  0.000000	  1.000000	
  0.001669	  0.000000	  0.000000	  0.998331	
  0.000000	  1.000000	  0.000000	  0.000000	
  0.003339	  0.383973	  0.018364	  0.594324	
  0.186978	  0.250417	  0.075125	  0.487479	
  0.126878	  0.145242	  0.035058	  0.692821	

