MEME version 4.4

ALPHABET= ACGT

strands: + -

Background letter frequencies (from /mnt/thumper-e1/home/shhuang/projects/dap/analysis.v4/gem07_rep_memechip03/MYBrelated_tnt/At3g11280_colamp_a/background):
A 0.31700 C 0.18300 G 0.18300 T 0.31700 

MOTIF MYBrelated_tnt.At3g11280_colamp_a_m1 MEME

letter-probability matrix: alength= 4 w= 18 nsites= 499 E= 2.6e-617
  0.238477	  0.290581	  0.158317	  0.312625	
  0.300601	  0.236473	  0.168337	  0.294589	
  0.226453	  0.214429	  0.102204	  0.456914	
  0.414830	  0.118236	  0.130261	  0.336673	
  0.605210	  0.072144	  0.124248	  0.198397	
  0.078156	  0.342685	  0.098196	  0.480962	
  0.024048	  0.959920	  0.016032	  0.000000	
  0.000000	  0.002004	  0.000000	  0.997996	
  0.000000	  0.006012	  0.000000	  0.993988	
  1.000000	  0.000000	  0.000000	  0.000000	
  0.000000	  0.004008	  0.000000	  0.995992	
  0.000000	  1.000000	  0.000000	  0.000000	
  0.164329	  0.298597	  0.066132	  0.470942	
  0.238477	  0.142285	  0.168337	  0.450902	
  0.268537	  0.268537	  0.132265	  0.330661	
  0.444890	  0.092184	  0.086172	  0.376754	
  0.264529	  0.184369	  0.128257	  0.422846	
  0.316633	  0.266533	  0.164329	  0.252505	

