MEME version 4.4

ALPHABET= ACGT

strands: + -

Background letter frequencies (from /mnt/thumper-e1/home/shhuang/projects/dap/analysis.v4/gem07_rep_memechip03/G2like_tnt/AT5G45580_col_a/background):
A 0.32400 C 0.17600 G 0.17600 T 0.32400 

MOTIF G2like_tnt.AT5G45580_col_a_m1 MEME

letter-probability matrix: alength= 4 w= 14 nsites= 597 E= 3.3e-770
  0.519263	  0.127303	  0.184255	  0.169179	
  0.534338	  0.053601	  0.177554	  0.234506	
  0.469012	  0.077052	  0.214405	  0.239531	
  0.433836	  0.137353	  0.428811	  0.000000	
  0.000000	  0.000000	  1.000000	  0.000000	
  0.914573	  0.073702	  0.000000	  0.011725	
  1.000000	  0.000000	  0.000000	  0.000000	
  0.000000	  0.000000	  0.000000	  1.000000	
  0.668342	  0.331658	  0.000000	  0.000000	
  0.048576	  0.000000	  0.000000	  0.951424	
  0.139028	  0.011725	  0.020101	  0.829146	
  0.103853	  0.589615	  0.038526	  0.268007	
  0.127303	  0.301508	  0.162479	  0.408710	
  0.251256	  0.174204	  0.247906	  0.326633	

