MEME version 4.4

ALPHABET= ACGT

strands: + -

Background letter frequencies (from /mnt/thumper-e1/home/shhuang/projects/dap/analysis.v4/gem07_rep_memechip03/GRF_tnt/GRF9_col_a/background):
A 0.30100 C 0.19900 G 0.19900 T 0.30100 

MOTIF GRF_tnt.GRF9_col_a_m1 MEME

letter-probability matrix: alength= 4 w= 15 nsites= 92 E= 2.2e-074
  0.163043	  0.130435	  0.184783	  0.521739	
  0.032609	  0.108696	  0.043478	  0.815217	
  0.000000	  0.000000	  1.000000	  0.000000	
  0.000000	  0.000000	  0.000000	  1.000000	
  0.000000	  0.902174	  0.000000	  0.097826	
  0.967391	  0.032609	  0.000000	  0.000000	
  0.000000	  0.000000	  1.000000	  0.000000	
  0.760870	  0.032609	  0.097826	  0.108696	
  0.478261	  0.163043	  0.206522	  0.152174	
  0.336957	  0.130435	  0.304348	  0.228261	
  0.456522	  0.163043	  0.119565	  0.260870	
  0.130435	  0.250000	  0.239130	  0.380435	
  0.369565	  0.163043	  0.130435	  0.336957	
  0.239130	  0.413043	  0.239130	  0.108696	
  0.478261	  0.217391	  0.119565	  0.184783	

