MEME version 4.4

ALPHABET= ACGT

strands: + -

Background letter frequencies (from /mnt/thumper-e1/home/shhuang/projects/dap/analysis.v4/gem07_rep_memechip03/LOBAS2_tnt/LBD18_colamp_a/background):
A 0.28700 C 0.21300 G 0.21300 T 0.28700 

MOTIF LOBAS2_tnt.LBD18_colamp_a_m1 MEME

letter-probability matrix: alength= 4 w= 15 nsites= 597 E= 6.6e-626
  0.026801	  0.973199	  0.000000	  0.000000	
  0.204355	  0.067002	  0.499162	  0.229481	
  0.108878	  0.154104	  0.551089	  0.185930	
  0.457286	  0.093802	  0.226131	  0.222781	
  0.262982	  0.001675	  0.041876	  0.693467	
  0.117253	  0.040201	  0.013400	  0.829146	
  0.082077	  0.150754	  0.003350	  0.763819	
  0.090452	  0.165829	  0.035176	  0.708543	
  0.211055	  0.587940	  0.144054	  0.056951	
  0.169179	  0.597990	  0.072027	  0.160804	
  0.000000	  0.000000	  1.000000	  0.000000	
  0.001675	  0.286432	  0.711893	  0.000000	
  0.371859	  0.370184	  0.105528	  0.152429	
  0.333333	  0.073702	  0.465662	  0.127303	
  0.443886	  0.139028	  0.271357	  0.145729	

