MEME version 4.4

ALPHABET= ACGT

strands: + -

Background letter frequencies (from /mnt/thumper-e1/home/shhuang/projects/dap/analysis.v4/gem07_rep_memechip03/C2C2COlike_tnt/AT5G59990_col_a/background):
A 0.29100 C 0.20900 G 0.20900 T 0.29100 

MOTIF C2C2COlike_tnt.AT5G59990_col_a_m1 MEME

letter-probability matrix: alength= 4 w= 21 nsites= 197 E= 3.3e-602
  0.365482	  0.081218	  0.263959	  0.289340	
  0.294416	  0.182741	  0.223350	  0.299492	
  0.395939	  0.177665	  0.243655	  0.182741	
  0.639594	  0.040609	  0.213198	  0.106599	
  0.791878	  0.040609	  0.116751	  0.050761	
  0.725888	  0.015228	  0.030457	  0.228426	
  0.000000	  0.228426	  0.005076	  0.766497	
  0.005076	  0.263959	  0.680203	  0.050761	
  0.461929	  0.000000	  0.472081	  0.065990	
  0.898477	  0.000000	  0.096447	  0.005076	
  0.000000	  0.868020	  0.005076	  0.126904	
  0.000000	  0.000000	  1.000000	  0.000000	
  0.000000	  0.000000	  1.000000	  0.000000	
  0.015228	  0.314721	  0.000000	  0.670051	
  0.010152	  0.263959	  0.253807	  0.472081	
  0.213198	  0.182741	  0.563452	  0.040609	
  0.786802	  0.040609	  0.106599	  0.065990	
  0.045685	  0.025381	  0.873096	  0.055838	
  0.949239	  0.015228	  0.035533	  0.000000	
  0.131980	  0.020305	  0.015228	  0.832487	
  0.045685	  0.116751	  0.121827	  0.715736	

