MEME version 4.4

ALPHABET= ACGT

strands: + -

Background letter frequencies (from /mnt/thumper-e1/home/shhuang/projects/dap/analysis.v4/gem07_rep_memechip03/WRKY_tnt/WRKY7_col/background):
A 0.32000 C 0.18000 G 0.18000 T 0.32000 

MOTIF WRKY_tnt.WRKY7_col_m1 MEME

letter-probability matrix: alength= 4 w= 14 nsites= 594 E= 8.0e-1674
  0.370370	  0.132997	  0.269360	  0.227273	
  0.203704	  0.195286	  0.301347	  0.299663	
  0.191919	  0.664983	  0.092593	  0.050505	
  0.005051	  0.000000	  0.929293	  0.065657	
  0.000000	  0.000000	  0.000000	  1.000000	
  0.000000	  0.000000	  0.000000	  1.000000	
  0.000000	  0.000000	  0.998316	  0.001684	
  0.988215	  0.000000	  0.011785	  0.000000	
  0.000000	  0.998316	  0.000000	  0.001684	
  0.005051	  0.021886	  0.000000	  0.973064	
  0.020202	  0.005051	  0.000000	  0.974747	
  0.043771	  0.042088	  0.006734	  0.907407	
  0.102694	  0.117845	  0.136364	  0.643098	
  0.217172	  0.131313	  0.198653	  0.452862	

