MEME version 4.4

ALPHABET= ACGT

strands: + -

Background letter frequencies (from /mnt/thumper-e1/home/shhuang/projects/dap/analysis.v4/gem07_rep_memechip03/NAC_tnt/ANAC004_col_a/background):
A 0.31200 C 0.18800 G 0.18800 T 0.31200 

MOTIF NAC_tnt.ANAC004_col_a_m1 MEME

letter-probability matrix: alength= 4 w= 14 nsites= 598 E= 9.2e-1384
  0.000000	  1.000000	  0.000000	  0.000000	
  0.000000	  0.000000	  0.000000	  1.000000	
  0.000000	  0.000000	  0.000000	  1.000000	
  0.239130	  0.371237	  0.367893	  0.021739	
  0.023411	  0.257525	  0.005017	  0.714047	
  0.132107	  0.170569	  0.148829	  0.548495	
  0.080268	  0.473244	  0.091973	  0.354515	
  0.260870	  0.212375	  0.158863	  0.367893	
  0.543478	  0.095318	  0.326087	  0.035117	
  0.000000	  0.602007	  0.031773	  0.366221	
  1.000000	  0.000000	  0.000000	  0.000000	
  1.000000	  0.000000	  0.000000	  0.000000	
  0.000000	  0.000000	  1.000000	  0.000000	
  0.063545	  0.242475	  0.076923	  0.617057	

