MEME version 4.4

ALPHABET= ACGT

strands: + -

Background letter frequencies (from /mnt/thumper-e1/home/shhuang/projects/dap/analysis.v4/gem07_rep_memechip03/AP2EREBP_tnt/CBF3_col_a/background):
A 0.28500 C 0.21500 G 0.21500 T 0.28500 

MOTIF AP2EREBP_tnt.CBF3_col_a_m1 MEME

letter-probability matrix: alength= 4 w= 14 nsites= 597 E= 3.5e-886
  0.247906	  0.353434	  0.102178	  0.296482	
  0.254606	  0.160804	  0.239531	  0.345059	
  0.125628	  0.323283	  0.115578	  0.435511	
  0.115578	  0.445561	  0.150754	  0.288107	
  0.519263	  0.000000	  0.475712	  0.005025	
  0.000000	  0.979899	  0.000000	  0.020101	
  0.000000	  1.000000	  0.000000	  0.000000	
  0.000000	  0.000000	  1.000000	  0.000000	
  1.000000	  0.000000	  0.000000	  0.000000	
  0.000000	  1.000000	  0.000000	  0.000000	
  0.576214	  0.098827	  0.184255	  0.140704	
  0.273032	  0.120603	  0.045226	  0.561139	
  0.336683	  0.289782	  0.194305	  0.179229	
  0.350084	  0.160804	  0.271357	  0.217755	

