MEME version 4.4

ALPHABET= ACGT

strands: + -

Background letter frequencies (from /mnt/thumper-e1/home/shhuang/projects/dap/analysis.v4/gem07_rep_memechip03/TCP_tnt/PTF1_colamp_a/background):
A 0.30200 C 0.19800 G 0.19800 T 0.30200 

MOTIF TCP_tnt.PTF1_colamp_a_m1 MEME

letter-probability matrix: alength= 4 w= 13 nsites= 527 E= 9.8e-1222
  0.352941	  0.153700	  0.140417	  0.352941	
  0.314991	  0.051233	  0.178368	  0.455408	
  0.030361	  0.013283	  0.927894	  0.028463	
  0.003795	  0.018975	  0.001898	  0.975332	
  0.000000	  0.000000	  0.998102	  0.001898	
  0.000000	  0.000000	  1.000000	  0.000000	
  0.043643	  0.000000	  0.075901	  0.880455	
  0.000000	  1.000000	  0.000000	  0.000000	
  0.000000	  1.000000	  0.000000	  0.000000	
  0.051233	  0.844402	  0.000000	  0.104364	
  0.339658	  0.368121	  0.168880	  0.123340	
  0.529412	  0.155598	  0.125237	  0.189753	
  0.258065	  0.387097	  0.127135	  0.227704	

