MEME version 4.4

ALPHABET= ACGT

strands: + -

Background letter frequencies (from /mnt/thumper-e1/home/shhuang/projects/dap/analysis.v4/gem07_rep_memechip03/AP2EREBP_tnt/DREB2_colamp_a/background):
A 0.29700 C 0.20300 G 0.20300 T 0.29700 

MOTIF AP2EREBP_tnt.DREB2_colamp_a_m1 MEME

letter-probability matrix: alength= 4 w= 15 nsites= 567 E= 7.4e-1176
  0.257496	  0.282187	  0.142857	  0.317460	
  0.285714	  0.326279	  0.074074	  0.313933	
  0.245150	  0.135802	  0.195767	  0.423280	
  0.266314	  0.343915	  0.118166	  0.271605	
  0.402116	  0.546737	  0.037037	  0.014109	
  0.904762	  0.000000	  0.095238	  0.000000	
  0.000000	  0.998236	  0.000000	  0.001764	
  0.000000	  1.000000	  0.000000	  0.000000	
  0.001764	  0.000000	  0.998236	  0.000000	
  0.686067	  0.312169	  0.000000	  0.001764	
  0.000000	  1.000000	  0.000000	  0.000000	
  0.675485	  0.005291	  0.019400	  0.299824	
  0.054674	  0.038801	  0.014109	  0.892416	
  0.587302	  0.052910	  0.029982	  0.329806	
  0.476190	  0.104056	  0.222222	  0.197531	

