MEME version 4.4

ALPHABET= ACGT

strands: + -

Background letter frequencies (from /mnt/thumper-e1/home/shhuang/projects/dap/analysis.v4/gem07_rep_memechip03/Trihelix_tnt/AT3G25990_col_a/background):
A 0.32400 C 0.17600 G 0.17600 T 0.32400 

MOTIF Trihelix_tnt.AT3G25990_col_a_m1 MEME

letter-probability matrix: alength= 4 w= 21 nsites= 78 E= 3.1e-231
  0.961538	  0.000000	  0.038462	  0.000000	
  1.000000	  0.000000	  0.000000	  0.000000	
  0.000000	  1.000000	  0.000000	  0.000000	
  0.000000	  0.782051	  0.000000	  0.217949	
  0.794872	  0.000000	  0.205128	  0.000000	
  0.000000	  0.192308	  0.025641	  0.782051	
  0.217949	  0.000000	  0.782051	  0.000000	
  0.051282	  0.000000	  0.948718	  0.000000	
  0.000000	  0.012821	  0.000000	  0.987179	
  0.000000	  0.025641	  0.000000	  0.974359	
  0.987179	  0.012821	  0.000000	  0.000000	
  0.807692	  0.025641	  0.166667	  0.000000	
  0.487179	  0.115385	  0.205128	  0.192308	
  0.423077	  0.038462	  0.076923	  0.461538	
  0.115385	  0.294872	  0.064103	  0.525641	
  0.282051	  0.051282	  0.102564	  0.564103	
  0.192308	  0.025641	  0.128205	  0.653846	
  0.589744	  0.128205	  0.089744	  0.192308	
  0.628205	  0.076923	  0.089744	  0.205128	
  0.217949	  0.525641	  0.089744	  0.166667	
  0.307692	  0.487179	  0.051282	  0.153846	

