MEME version 4.4

ALPHABET= ACGT

strands: + -

Background letter frequencies (from /mnt/thumper-e1/home/shhuang/projects/dap/analysis.v4/gem07_rep_memechip03/AP2EREBP_tnt/ERF7_colamp_a/background):
A 0.25900 C 0.24100 G 0.24100 T 0.25900 

MOTIF AP2EREBP_tnt.ERF7_colamp_a_m1 MEME

letter-probability matrix: alength= 4 w= 21 nsites= 579 E= 3.9e-1254
  0.544041	  0.039724	  0.207254	  0.208981	
  0.101900	  0.283247	  0.012090	  0.602763	
  0.003454	  0.000000	  0.927461	  0.069085	
  0.177893	  0.001727	  0.810017	  0.010363	
  0.000000	  1.000000	  0.000000	  0.000000	
  0.000000	  0.000000	  1.000000	  0.000000	
  0.000000	  0.003454	  0.994819	  0.001727	
  0.001727	  0.996546	  0.000000	  0.001727	
  0.000000	  0.012090	  0.830743	  0.157168	
  0.112263	  0.205527	  0.630397	  0.051813	
  0.378238	  0.297064	  0.119171	  0.205527	
  0.260794	  0.056995	  0.519862	  0.162349	
  0.246978	  0.122625	  0.492228	  0.138169	
  0.259067	  0.279793	  0.169257	  0.291883	
  0.257340	  0.094991	  0.450777	  0.196891	
  0.276339	  0.143351	  0.400691	  0.179620	
  0.231434	  0.324698	  0.174439	  0.269430	
  0.274611	  0.124352	  0.398964	  0.202073	
  0.276339	  0.155440	  0.417962	  0.150259	
  0.307427	  0.245250	  0.198618	  0.248705	
  0.262522	  0.169257	  0.354059	  0.214162	

