MEME version 4.4

ALPHABET= ACGT

strands: + -

Background letter frequencies (from /mnt/thumper-e1/home/shhuang/projects/dap/analysis.v4/gem07_rep_memechip03/C2C2gata_tnt/GATA16_col_a/background):
A 0.31000 C 0.19000 G 0.19000 T 0.31000 

MOTIF C2C2gata_tnt.GATA16_col_a_m1 MEME

letter-probability matrix: alength= 4 w= 27 nsites= 48 E= 5.7e-289
  0.062500	  0.916667	  0.020833	  0.000000	
  0.833333	  0.020833	  0.020833	  0.125000	
  0.104167	  0.020833	  0.062500	  0.812500	
  0.000000	  0.666667	  0.270833	  0.062500	
  0.770833	  0.083333	  0.041667	  0.104167	
  0.062500	  0.083333	  0.000000	  0.854167	
  0.062500	  0.854167	  0.083333	  0.000000	
  0.937500	  0.020833	  0.000000	  0.041667	
  0.020833	  0.041667	  0.000000	  0.937500	
  0.000000	  0.770833	  0.208333	  0.020833	
  1.000000	  0.000000	  0.000000	  0.000000	
  0.000000	  0.041667	  0.062500	  0.895833	
  0.020833	  0.750000	  0.104167	  0.125000	
  0.854167	  0.000000	  0.125000	  0.020833	
  0.020833	  0.041667	  0.000000	  0.937500	
  0.041667	  0.687500	  0.187500	  0.083333	
  0.833333	  0.125000	  0.041667	  0.000000	
  0.062500	  0.000000	  0.000000	  0.937500	
  0.125000	  0.770833	  0.083333	  0.020833	
  1.000000	  0.000000	  0.000000	  0.000000	
  0.000000	  0.083333	  0.000000	  0.916667	
  0.062500	  0.770833	  0.166667	  0.000000	
  0.895833	  0.000000	  0.083333	  0.020833	
  0.000000	  0.125000	  0.000000	  0.875000	
  0.020833	  0.916667	  0.041667	  0.020833	
  0.958333	  0.000000	  0.000000	  0.041667	
  0.083333	  0.062500	  0.000000	  0.854167	

