MEME version 4.4

ALPHABET= ACGT

strands: + -

Background letter frequencies (from /mnt/thumper-e1/home/shhuang/projects/dap/analysis.v4/gem07_rep_memechip03/AP2EREBP_tnt/PUCHI_col_a/background):
A 0.24700 C 0.25300 G 0.25300 T 0.24700 

MOTIF AP2EREBP_tnt.PUCHI_col_a_m1 MEME

letter-probability matrix: alength= 4 w= 15 nsites= 478 E= 5.0e-825
  0.179916	  0.512552	  0.096234	  0.211297	
  0.175732	  0.533473	  0.054393	  0.236402	
  0.309623	  0.087866	  0.313808	  0.288703	
  0.127615	  0.531381	  0.077406	  0.263598	
  0.081590	  0.830544	  0.000000	  0.087866	
  0.123431	  0.000000	  0.535565	  0.341004	
  0.000000	  0.830544	  0.127615	  0.041841	
  0.002092	  0.997908	  0.000000	  0.000000	
  0.016736	  0.000000	  0.981172	  0.002092	
  0.004184	  0.974895	  0.002092	  0.018828	
  0.006276	  0.993724	  0.000000	  0.000000	
  0.027197	  0.000000	  0.960251	  0.012552	
  0.016736	  0.543933	  0.023013	  0.416318	
  0.217573	  0.447699	  0.071130	  0.263598	
  0.405858	  0.077406	  0.257322	  0.259414	

