MEME version 4.4

ALPHABET= ACGT

strands: + -

Background letter frequencies (from /mnt/thumper-e1/home/shhuang/projects/dap/analysis.v4/gem07_rep_memechip03/bZIP_tnt/ABI5_col_v3h/background):
A 0.27700 C 0.22300 G 0.22300 T 0.27700 

MOTIF bZIP_tnt.ABI5_col_v3h_m1 MEME

letter-probability matrix: alength= 4 w= 18 nsites= 595 E= 3.2e-1644
  0.405042	  0.119328	  0.220168	  0.255462	
  0.364706	  0.099160	  0.280672	  0.255462	
  0.376471	  0.134454	  0.265546	  0.223529	
  0.270588	  0.065546	  0.164706	  0.499160	
  0.073950	  0.031933	  0.672269	  0.221849	
  0.263866	  0.200000	  0.497479	  0.038655	
  0.332773	  0.154622	  0.000000	  0.512605	
  0.000000	  0.485714	  0.494118	  0.020168	
  1.000000	  0.000000	  0.000000	  0.000000	
  0.000000	  1.000000	  0.000000	  0.000000	
  0.000000	  0.000000	  1.000000	  0.000000	
  0.000000	  0.000000	  0.000000	  1.000000	
  0.000000	  0.000000	  1.000000	  0.000000	
  0.000000	  0.000000	  0.749580	  0.250420	
  0.045378	  0.954622	  0.000000	  0.000000	
  0.662185	  0.084034	  0.206723	  0.047059	
  0.253782	  0.208403	  0.292437	  0.245378	
  0.319328	  0.196639	  0.146218	  0.337815	

