MEME version 4.4

ALPHABET= ACGT

strands: + -

Background letter frequencies (from /mnt/thumper-e1/home/shhuang/projects/dap/analysis.v4/gem07_rep_memechip03/C2C2dof_tnt/dof45_col_a/background):
A 0.33500 C 0.16500 G 0.16500 T 0.33500 

MOTIF C2C2dof_tnt.dof45_col_a_m1 MEME

letter-probability matrix: alength= 4 w= 14 nsites= 600 E= 7.7e-590
  0.303333	  0.180000	  0.323333	  0.193333	
  0.670000	  0.120000	  0.078333	  0.131667	
  0.581667	  0.011667	  0.045000	  0.361667	
  1.000000	  0.000000	  0.000000	  0.000000	
  1.000000	  0.000000	  0.000000	  0.000000	
  1.000000	  0.000000	  0.000000	  0.000000	
  0.000000	  0.000000	  1.000000	  0.000000	
  0.173333	  0.208333	  0.095000	  0.523333	
  0.470000	  0.025000	  0.225000	  0.280000	
  0.391667	  0.090000	  0.388333	  0.130000	
  0.231667	  0.601667	  0.075000	  0.091667	
  0.151667	  0.080000	  0.055000	  0.713333	
  0.111667	  0.051667	  0.075000	  0.761667	
  0.108333	  0.085000	  0.040000	  0.766667	

