MEME version 4.4

ALPHABET= ACGT

strands: + -

Background letter frequencies (from /mnt/thumper-e1/home/shhuang/projects/dap/analysis.v4/gem07_rep_memechip03/BES1_tnt/BAM8_col_a/background):
A 0.29100 C 0.20900 G 0.20900 T 0.29100 

MOTIF BES1_tnt.BAM8_col_a_m1 MEME

letter-probability matrix: alength= 4 w= 15 nsites= 600 E= 6.9e-1560
  0.056667	  0.343333	  0.008333	  0.591667	
  0.031667	  0.831667	  0.070000	  0.066667	
  0.695000	  0.061667	  0.231667	  0.011667	
  0.000000	  0.998333	  0.000000	  0.001667	
  0.998333	  0.000000	  0.001667	  0.000000	
  0.003333	  0.996667	  0.000000	  0.000000	
  0.000000	  0.000000	  1.000000	  0.000000	
  0.000000	  0.016667	  0.000000	  0.983333	
  0.021667	  0.000000	  0.975000	  0.003333	
  0.048333	  0.406667	  0.020000	  0.525000	
  0.140000	  0.401667	  0.413333	  0.045000	
  0.491667	  0.121667	  0.155000	  0.231667	
  0.448333	  0.165000	  0.205000	  0.181667	
  0.278333	  0.325000	  0.166667	  0.230000	
  0.161667	  0.216667	  0.185000	  0.436667	

