MEME version 4.4

ALPHABET= ACGT

strands: + -

Background letter frequencies (from /mnt/thumper-e1/home/shhuang/projects/dap/analysis.v4/gem07_rep_memechip03/MYBrelated_tnt/At5g58900_colamp_a/background):
A 0.34100 C 0.16000 G 0.16000 T 0.34100 

MOTIF MYBrelated_tnt.At5g58900_colamp_a_m1 MEME

letter-probability matrix: alength= 4 w= 15 nsites= 600 E= 3.1e-395
  0.461667	  0.133333	  0.101667	  0.303333	
  0.440000	  0.088333	  0.100000	  0.371667	
  0.096667	  0.385000	  0.113333	  0.405000	
  0.316667	  0.473333	  0.113333	  0.096667	
  0.028333	  0.001667	  0.000000	  0.970000	
  0.011667	  0.111667	  0.011667	  0.865000	
  1.000000	  0.000000	  0.000000	  0.000000	
  0.000000	  0.000000	  0.000000	  1.000000	
  0.000000	  1.000000	  0.000000	  0.000000	
  0.180000	  0.376667	  0.026667	  0.416667	
  0.341667	  0.103333	  0.095000	  0.460000	
  0.273333	  0.325000	  0.133333	  0.268333	
  0.540000	  0.048333	  0.050000	  0.361667	
  0.330000	  0.138333	  0.026667	  0.505000	
  0.305000	  0.301667	  0.120000	  0.273333	

