MEME version 4.4

ALPHABET= ACGT

strands: + -

Background letter frequencies (from /mnt/thumper-e1/home/shhuang/projects/dap/analysis.v4/gem07_rep_memechip03/MYB_tnt/MYB88_colamp_a/background):
A 0.26600 C 0.23400 G 0.23400 T 0.26600 

MOTIF MYB_tnt.MYB88_colamp_a_m1 MEME

letter-probability matrix: alength= 4 w= 13 nsites= 577 E= 2.1e-474
  0.306759	  0.150780	  0.315425	  0.227036	
  0.280763	  0.169844	  0.353553	  0.195841	
  0.485269	  0.114385	  0.150780	  0.249567	
  0.211438	  0.027730	  0.745234	  0.015598	
  0.005199	  0.005199	  0.989601	  0.000000	
  0.795494	  0.204506	  0.000000	  0.000000	
  0.000000	  0.000000	  1.000000	  0.000000	
  0.000000	  1.000000	  0.000000	  0.000000	
  0.000000	  0.164645	  0.786828	  0.048527	
  0.058925	  0.051993	  0.150780	  0.738302	
  0.265165	  0.178510	  0.291161	  0.265165	
  0.242634	  0.150780	  0.206239	  0.400347	
  0.261698	  0.171577	  0.310225	  0.256499	

