MEME version 4.4

ALPHABET= ACGT

strands: + -

Background letter frequencies (from /mnt/thumper-e1/home/shhuang/projects/dap/analysis.v4/gem07_rep_memechip03/MYB_tnt/MYB83_colamp_a/background):
A 0.29200 C 0.20800 G 0.20800 T 0.29200 

MOTIF MYB_tnt.MYB83_colamp_a_m1 MEME

letter-probability matrix: alength= 4 w= 15 nsites= 596 E= 7.7e-749
  0.241611	  0.161074	  0.241611	  0.355705	
  0.224832	  0.166107	  0.397651	  0.211409	
  0.271812	  0.151007	  0.199664	  0.377517	
  0.333893	  0.107383	  0.229866	  0.328859	
  0.293624	  0.147651	  0.389262	  0.169463	
  0.276846	  0.218121	  0.115772	  0.389262	
  0.144295	  0.000000	  0.788591	  0.067114	
  0.000000	  0.000000	  0.672819	  0.327181	
  0.000000	  0.010067	  0.001678	  0.988255	
  0.281879	  0.003356	  0.031879	  0.682886	
  0.001678	  0.000000	  0.998322	  0.000000	
  0.000000	  0.003356	  0.751678	  0.244966	
  0.000000	  0.000000	  0.000000	  1.000000	
  0.218121	  0.008389	  0.765101	  0.008389	
  0.251678	  0.134228	  0.447987	  0.166107	

