MEME version 4.4

ALPHABET= ACGT

strands: + -

Background letter frequencies (from /mnt/thumper-e1/home/shhuang/projects/dap/analysis.v4/gem07_rep_memechip03/C2C2dof_tnt/dof43_colamp_a/background):
A 0.31700 C 0.18300 G 0.18300 T 0.31700 

MOTIF C2C2dof_tnt.dof43_colamp_a_m1 MEME

letter-probability matrix: alength= 4 w= 14 nsites= 580 E= 8.1e-1442
  0.424138	  0.103448	  0.065517	  0.406897	
  0.998276	  0.000000	  0.001724	  0.000000	
  0.998276	  0.000000	  0.000000	  0.001724	
  0.994828	  0.000000	  0.005172	  0.000000	
  0.001724	  0.000000	  0.994828	  0.003448	
  0.094828	  0.570690	  0.146552	  0.187931	
  0.075862	  0.344828	  0.001724	  0.577586	
  0.429310	  0.091379	  0.177586	  0.301724	
  0.000000	  1.000000	  0.000000	  0.000000	
  0.000000	  0.000000	  0.000000	  1.000000	
  0.000000	  0.000000	  0.000000	  1.000000	
  0.000000	  0.000000	  0.000000	  1.000000	
  0.386207	  0.115517	  0.063793	  0.434483	
  0.217241	  0.186207	  0.203448	  0.393103	

