MEME version 4.4

ALPHABET= ACGT

strands: + -

Background letter frequencies (from /mnt/thumper-e1/home/shhuang/projects/dap/analysis.v4/gem07_rep_memechip03/BBRBPC_tnt/BPC1_colamp_a/background):
A 0.30400 C 0.19600 G 0.19600 T 0.30400 

MOTIF BBRBPC_tnt.BPC1_colamp_a_m1 MEME

letter-probability matrix: alength= 4 w= 15 nsites= 598 E= 1.5e-2331
  0.128763	  0.665552	  0.023411	  0.182274	
  0.086957	  0.088629	  0.040134	  0.784281	
  0.050167	  0.782609	  0.041806	  0.125418	
  0.033445	  0.073579	  0.000000	  0.892977	
  0.026756	  0.635452	  0.020067	  0.317726	
  0.000000	  0.020067	  0.000000	  0.979933	
  0.015050	  0.956522	  0.001672	  0.026756	
  0.005017	  0.005017	  0.000000	  0.989967	
  0.016722	  0.963211	  0.005017	  0.015050	
  0.000000	  0.000000	  0.000000	  1.000000	
  0.003344	  0.874582	  0.008361	  0.113712	
  0.008361	  0.010033	  0.000000	  0.981605	
  0.003344	  0.919732	  0.016722	  0.060201	
  0.001672	  0.076923	  0.001672	  0.919732	
  0.157191	  0.563545	  0.011706	  0.267559	

