MEME version 4.4

ALPHABET= ACGT

strands: + -

Background letter frequencies (from /mnt/thumper-e1/home/shhuang/projects/dap/analysis.v4/gem07_rep_memechip03/C2H2_tnt/IDD7_col_a/background):
A 0.32900 C 0.17100 G 0.17100 T 0.32900 

MOTIF C2H2_tnt.IDD7_col_a_m1 MEME

letter-probability matrix: alength= 4 w= 18 nsites= 585 E= 4.5e-1540
  0.324786	  0.396581	  0.075214	  0.203419	
  0.673504	  0.034188	  0.261538	  0.030769	
  0.162393	  0.382906	  0.336752	  0.117949	
  0.683761	  0.005128	  0.061538	  0.249573	
  0.835897	  0.001709	  0.000000	  0.162393	
  0.724786	  0.083761	  0.150427	  0.041026	
  0.902564	  0.052991	  0.039316	  0.005128	
  0.232479	  0.641026	  0.097436	  0.029060	
  0.003419	  0.000000	  0.996581	  0.000000	
  0.982906	  0.015385	  0.000000	  0.001709	
  0.000000	  1.000000	  0.000000	  0.000000	
  0.981197	  0.000000	  0.018803	  0.000000	
  0.984615	  0.003419	  0.010256	  0.001709	
  0.923077	  0.018803	  0.049573	  0.008547	
  0.753846	  0.042735	  0.066667	  0.136752	
  0.500855	  0.152137	  0.112821	  0.234188	
  0.456410	  0.131624	  0.105983	  0.305983	
  0.417094	  0.162393	  0.184615	  0.235897	

