MEME version 4.4

ALPHABET= ACGT

strands: + -

Background letter frequencies (from /mnt/thumper-e1/home/shhuang/projects/dap/analysis.v4/gem07_rep_memechip03/MYB_tnt/MYB4_col200_a/background):
A 0.31200 C 0.18800 G 0.18800 T 0.31200 

MOTIF MYB_tnt.MYB4_col200_a_m1 MEME

letter-probability matrix: alength= 4 w= 15 nsites= 572 E= 4.7e-498
  0.363636	  0.234266	  0.111888	  0.290210	
  0.379371	  0.157343	  0.104895	  0.358392	
  0.342657	  0.160839	  0.148601	  0.347902	
  0.358392	  0.104895	  0.194056	  0.342657	
  0.470280	  0.057692	  0.145105	  0.326923	
  0.325175	  0.017483	  0.472028	  0.185315	
  0.034965	  0.017483	  0.452797	  0.494755	
  0.000000	  0.003497	  0.000000	  0.996503	
  0.479021	  0.003497	  0.000000	  0.517483	
  0.000000	  0.000000	  1.000000	  0.000000	
  0.000000	  0.000000	  0.963287	  0.036713	
  0.000000	  0.000000	  0.000000	  1.000000	
  0.510490	  0.027972	  0.414336	  0.047203	
  0.440559	  0.090909	  0.356643	  0.111888	
  0.379371	  0.148601	  0.295455	  0.176573	

