MEME version 4.4

ALPHABET= ACGT

strands: + -

Background letter frequencies (from /mnt/thumper-e1/home/shhuang/projects/dap/analysis.v4/gem07_rep_memechip03/Trihelix_tnt/AT5G47660_colamp_a/background):
A 0.35200 C 0.14800 G 0.14800 T 0.35200 

MOTIF Trihelix_tnt.AT5G47660_colamp_a_m1 MEME

letter-probability matrix: alength= 4 w= 15 nsites= 600 E= 1.1e-625
  0.331667	  0.101667	  0.106667	  0.460000	
  0.438333	  0.155000	  0.111667	  0.295000	
  0.478333	  0.171667	  0.110000	  0.240000	
  0.278333	  0.366667	  0.078333	  0.276667	
  0.351667	  0.295000	  0.086667	  0.266667	
  0.638333	  0.008333	  0.338333	  0.015000	
  0.060000	  0.771667	  0.033333	  0.135000	
  0.358333	  0.000000	  0.631667	  0.010000	
  0.000000	  0.000000	  1.000000	  0.000000	
  0.000000	  0.000000	  0.000000	  1.000000	
  0.645000	  0.016667	  0.016667	  0.321667	
  0.986667	  0.013333	  0.000000	  0.000000	
  0.811667	  0.066667	  0.020000	  0.101667	
  0.643333	  0.038333	  0.003333	  0.315000	
  0.590000	  0.111667	  0.075000	  0.223333	

