MEME version 4.4

ALPHABET= ACGT

strands: + -

Background letter frequencies (from /mnt/thumper-e1/home/shhuang/projects/dap/analysis.v4/gem07_rep_memechip03/MADS_tnt/AGL15_colamp_a/background):
A 0.32900 C 0.17100 G 0.17100 T 0.32900 

MOTIF MADS_tnt.AGL15_colamp_a_m1 MEME

letter-probability matrix: alength= 4 w= 21 nsites= 584 E= 1.8e-1360
  0.385274	  0.109589	  0.130137	  0.375000	
  0.448630	  0.078767	  0.140411	  0.332192	
  0.200342	  0.402397	  0.238014	  0.159247	
  0.083904	  0.065068	  0.010274	  0.840753	
  0.027397	  0.000000	  0.003425	  0.969178	
  0.152397	  0.018836	  0.046233	  0.782534	
  0.001712	  0.998288	  0.000000	  0.000000	
  0.000000	  0.731164	  0.000000	  0.268836	
  0.337329	  0.145548	  0.097603	  0.419521	
  0.172945	  0.155822	  0.082192	  0.589041	
  0.294521	  0.005137	  0.001712	  0.698630	
  0.011986	  0.017123	  0.001712	  0.969178	
  0.148973	  0.092466	  0.058219	  0.700342	
  0.231164	  0.068493	  0.297945	  0.402397	
  0.208904	  0.001712	  0.789384	  0.000000	
  0.000000	  0.008562	  0.945205	  0.046233	
  0.529110	  0.106164	  0.063356	  0.301370	
  0.864726	  0.041096	  0.011986	  0.082192	
  0.753425	  0.020548	  0.068493	  0.157534	
  0.160959	  0.273973	  0.342466	  0.222603	
  0.248288	  0.145548	  0.119863	  0.486301	

