MEME version 4.4

ALPHABET= ACGT

strands: + -

Background letter frequencies (from /mnt/thumper-e1/home/shhuang/projects/dap/analysis.v4/gem07_rep_memechip03/ND_tnt/FRS9_colamp_a/background):
A 0.41700 C 0.08300 G 0.08300 T 0.41700 

MOTIF ND_tnt.FRS9_colamp_a_m1 MEME

letter-probability matrix: alength= 4 w= 30 nsites= 17 E= 2.2e-035
  0.000000	  0.000000	  0.058824	  0.941176	
  0.058824	  0.000000	  0.117647	  0.823529	
  0.411765	  0.000000	  0.529412	  0.058824	
  0.941176	  0.000000	  0.058824	  0.000000	
  0.882353	  0.058824	  0.000000	  0.058824	
  0.000000	  0.000000	  0.000000	  1.000000	
  1.000000	  0.000000	  0.000000	  0.000000	
  0.000000	  0.117647	  0.000000	  0.882353	
  0.000000	  0.352941	  0.000000	  0.647059	
  0.823529	  0.000000	  0.058824	  0.117647	
  0.000000	  0.000000	  0.000000	  1.000000	
  0.000000	  0.000000	  0.000000	  1.000000	
  0.117647	  0.058824	  0.823529	  0.000000	
  0.235294	  0.000000	  0.764706	  0.000000	
  0.058824	  0.058824	  0.000000	  0.882353	
  0.000000	  0.000000	  0.000000	  1.000000	
  0.000000	  0.000000	  0.000000	  1.000000	
  0.941176	  0.000000	  0.000000	  0.058824	
  0.411765	  0.058824	  0.470588	  0.058824	
  1.000000	  0.000000	  0.000000	  0.000000	
  0.588235	  0.000000	  0.352941	  0.058824	
  0.058824	  0.058824	  0.058824	  0.823529	
  0.058824	  0.058824	  0.000000	  0.882353	
  0.941176	  0.000000	  0.058824	  0.000000	
  0.235294	  0.000000	  0.000000	  0.764706	
  0.705882	  0.000000	  0.058824	  0.235294	
  0.764706	  0.000000	  0.235294	  0.000000	
  0.705882	  0.058824	  0.117647	  0.117647	
  1.000000	  0.000000	  0.000000	  0.000000	
  1.000000	  0.000000	  0.000000	  0.000000	

