MEME version 4.4

ALPHABET= ACGT

strands: + -

Background letter frequencies (from /mnt/thumper-e1/home/shhuang/projects/dap/analysis.v4/gem07_rep_memechip03/ABI3VP1_tnt/AT5G60130_colamp_a/background):
A 0.34000 C 0.16000 G 0.16000 T 0.34000 

MOTIF ABI3VP1_tnt.AT5G60130_colamp_a_m1 MEME

letter-probability matrix: alength= 4 w= 21 nsites= 155 E= 1.4e-453
  0.309677	  0.077419	  0.258065	  0.354839	
  0.174194	  0.000000	  0.000000	  0.825806	
  0.083871	  0.006452	  0.006452	  0.903226	
  0.058065	  0.019355	  0.006452	  0.916129	
  0.000000	  0.000000	  0.000000	  1.000000	
  0.064516	  0.245161	  0.561290	  0.129032	
  0.012903	  0.916129	  0.000000	  0.070968	
  0.032258	  0.045161	  0.000000	  0.922581	
  0.025806	  0.077419	  0.019355	  0.877419	
  0.696774	  0.077419	  0.064516	  0.161290	
  0.270968	  0.038710	  0.129032	  0.561290	
  0.303226	  0.129032	  0.264516	  0.303226	
  0.154839	  0.000000	  0.025806	  0.819355	
  0.103226	  0.000000	  0.025806	  0.870968	
  0.019355	  0.000000	  0.006452	  0.974194	
  0.012903	  0.000000	  0.000000	  0.987097	
  0.051613	  0.116129	  0.780645	  0.051613	
  0.019355	  0.916129	  0.000000	  0.064516	
  0.012903	  0.019355	  0.012903	  0.954839	
  0.032258	  0.154839	  0.012903	  0.800000	
  0.658065	  0.109677	  0.077419	  0.154839	

