MEME version 4.4

ALPHABET= ACGT

strands: + -

Background letter frequencies (from /mnt/thumper-e1/home/shhuang/projects/dap/analysis.v4/gem07_rep_memechip03/MYB_tnt/MS188_col_a/background):
A 0.33900 C 0.16100 G 0.16100 T 0.33900 

MOTIF MYB_tnt.MS188_col_a_m1 MEME

letter-probability matrix: alength= 4 w= 15 nsites= 595 E= 1.3e-702
  0.406723	  0.139496	  0.196639	  0.257143	
  0.450420	  0.168067	  0.154622	  0.226891	
  0.482353	  0.028571	  0.194958	  0.294118	
  0.707563	  0.006723	  0.068908	  0.216807	
  0.519328	  0.008403	  0.391597	  0.080672	
  0.001681	  0.000000	  0.371429	  0.626891	
  0.000000	  0.000000	  0.000000	  1.000000	
  0.774790	  0.005042	  0.008403	  0.211765	
  0.000000	  0.000000	  1.000000	  0.000000	
  0.000000	  0.000000	  0.771429	  0.228571	
  0.001681	  0.000000	  0.000000	  0.998319	
  0.401681	  0.065546	  0.470588	  0.062185	
  0.537815	  0.063866	  0.297479	  0.100840	
  0.559664	  0.136134	  0.242017	  0.062185	
  0.371429	  0.317647	  0.152941	  0.157983	

