MEME version 4.4

ALPHABET= ACGT

strands: + -

Background letter frequencies (from /mnt/thumper-e1/home/shhuang/projects/dap/analysis.v4/gem07_rep_memechip03/NAC_tnt/ANAC013_col_a/background):
A 0.31000 C 0.19000 G 0.19000 T 0.31000 

MOTIF NAC_tnt.ANAC013_col_a_m1 MEME

letter-probability matrix: alength= 4 w= 16 nsites= 599 E= 6.7e-1576
  0.000000	  0.998331	  0.000000	  0.001669	
  0.000000	  0.000000	  0.220367	  0.779633	
  0.000000	  0.000000	  0.000000	  1.000000	
  0.023372	  0.000000	  0.976628	  0.000000	
  0.222037	  0.252087	  0.325543	  0.200334	
  0.282137	  0.188648	  0.350584	  0.178631	
  0.227045	  0.181970	  0.437396	  0.153589	
  0.574290	  0.116861	  0.191987	  0.116861	
  0.527546	  0.066778	  0.330551	  0.075125	
  0.046745	  0.821369	  0.110184	  0.021703	
  1.000000	  0.000000	  0.000000	  0.000000	
  0.846411	  0.150250	  0.003339	  0.000000	
  0.000000	  0.000000	  0.989983	  0.010017	
  0.173623	  0.273790	  0.233723	  0.318865	
  0.585977	  0.202003	  0.020033	  0.191987	
  0.888147	  0.015025	  0.021703	  0.075125	

