MEME version 4.4

ALPHABET= ACGT

strands: + -

Background letter frequencies (from /mnt/thumper-e1/home/shhuang/projects/dap/analysis.v4/gem07_rep_memechip03/AP2EREBP_tnt/At1g19210_col_a/background):
A 0.25800 C 0.24200 G 0.24200 T 0.25800 

MOTIF AP2EREBP_tnt.At1g19210_col_a_m1 MEME

letter-probability matrix: alength= 4 w= 14 nsites= 599 E= 6.5e-876
  0.362270	  0.075125	  0.305509	  0.257095	
  0.212020	  0.056761	  0.088481	  0.642738	
  0.078464	  0.031720	  0.672788	  0.217028	
  0.000000	  0.000000	  1.000000	  0.000000	
  0.485810	  0.131886	  0.070117	  0.312187	
  0.000000	  1.000000	  0.000000	  0.000000	
  0.000000	  0.000000	  1.000000	  0.000000	
  0.000000	  0.000000	  1.000000	  0.000000	
  0.071786	  0.308848	  0.000000	  0.619366	
  0.045075	  0.015025	  0.874791	  0.065109	
  0.267112	  0.120200	  0.510851	  0.101836	
  0.325543	  0.262104	  0.140234	  0.272120	
  0.227045	  0.076795	  0.487479	  0.208681	
  0.320534	  0.138564	  0.377295	  0.163606	

