MEME version 4.4

ALPHABET= ACGT

strands: + -

Background letter frequencies (from /mnt/thumper-e1/home/shhuang/projects/dap/analysis.v4/gem07_rep_memechip03/mTERF_tnt/AT5G23930_col_a/background):
A 0.23400 C 0.26600 G 0.26600 T 0.23400 

MOTIF mTERF_tnt.AT5G23930_col_a_m1 MEME

letter-probability matrix: alength= 4 w= 20 nsites= 591 E= 1.3e-1185
  0.214890	  0.460237	  0.116751	  0.208122	
  0.279188	  0.126904	  0.340102	  0.253807	
  0.133672	  0.590525	  0.071066	  0.204738	
  0.182741	  0.561760	  0.089679	  0.165821	
  0.230118	  0.101523	  0.494078	  0.174281	
  0.099831	  0.656514	  0.087986	  0.155668	
  0.148900	  0.639594	  0.079526	  0.131980	
  0.309645	  0.084602	  0.424704	  0.181049	
  0.084602	  0.605753	  0.074450	  0.235195	
  0.162437	  0.629442	  0.010152	  0.197970	
  0.338409	  0.050761	  0.338409	  0.272420	
  0.040609	  0.654822	  0.094755	  0.209814	
  0.233503	  0.727580	  0.020305	  0.018613	
  0.060914	  0.001692	  0.861252	  0.076142	
  0.000000	  0.989848	  0.005076	  0.005076	
  0.052453	  0.944162	  0.000000	  0.003384	
  0.104907	  0.000000	  0.869712	  0.025381	
  0.000000	  0.886633	  0.008460	  0.104907	
  0.013536	  0.967851	  0.000000	  0.018613	
  0.346870	  0.000000	  0.544839	  0.108291	

