MEME version 4.4

ALPHABET= ACGT

strands: + -

Background letter frequencies (from /mnt/thumper-e1/home/shhuang/projects/dap/analysis.v4/gem07_rep_memechip03/NAC_tnt/CUC1_col_v31/background):
A 0.30600 C 0.19400 G 0.19400 T 0.30600 

MOTIF NAC_tnt.CUC1_col_v31_m1 MEME

letter-probability matrix: alength= 4 w= 16 nsites= 577 E= 7.4e-1142
  0.010399	  0.989601	  0.000000	  0.000000	
  0.000000	  0.000000	  0.597920	  0.402080	
  0.000000	  0.000000	  0.000000	  1.000000	
  0.216638	  0.043328	  0.740035	  0.000000	
  0.166378	  0.202773	  0.053726	  0.577123	
  0.282496	  0.164645	  0.263432	  0.289428	
  0.253033	  0.185442	  0.311958	  0.249567	
  0.351820	  0.223570	  0.199307	  0.225303	
  0.563258	  0.079723	  0.166378	  0.190641	
  0.024263	  0.670711	  0.155979	  0.149047	
  0.989601	  0.003466	  0.000000	  0.006932	
  0.681109	  0.315425	  0.001733	  0.001733	
  0.000000	  0.000000	  1.000000	  0.000000	
  0.220104	  0.247834	  0.149047	  0.383016	
  0.630849	  0.140381	  0.012132	  0.216638	
  0.942808	  0.001733	  0.000000	  0.055459	

