MEME version 4.4

ALPHABET= ACGT

strands: + -

Background letter frequencies (from /mnt/thumper-e1/home/shhuang/projects/dap/analysis.v4/gem07_rep_memechip03/NAC_tnt/ANAC079_colamp_a/background):
A 0.31400 C 0.18600 G 0.18600 T 0.31400 

MOTIF NAC_tnt.ANAC079_colamp_a_m1 MEME

letter-probability matrix: alength= 4 w= 16 nsites= 591 E= 9.0e-783
  0.147208	  0.661591	  0.043993	  0.147208	
  0.106599	  0.131980	  0.284264	  0.477157	
  0.258883	  0.052453	  0.049069	  0.639594	
  0.301184	  0.194585	  0.377327	  0.126904	
  0.270728	  0.228426	  0.094755	  0.406091	
  0.258883	  0.221658	  0.152284	  0.367174	
  0.250423	  0.233503	  0.172589	  0.343486	
  0.321489	  0.280880	  0.094755	  0.302876	
  0.805415	  0.018613	  0.065990	  0.109983	
  0.030457	  0.876481	  0.025381	  0.067682	
  0.971235	  0.028765	  0.000000	  0.000000	
  0.150592	  0.849408	  0.000000	  0.000000	
  0.001692	  0.000000	  0.993232	  0.005076	
  0.033841	  0.607445	  0.060914	  0.297800	
  0.642978	  0.140440	  0.005076	  0.211506	
  0.944162	  0.003384	  0.000000	  0.052453	

