MEME version 4.4

ALPHABET= ACGT

strands: + -

Background letter frequencies (from /mnt/thumper-e1/home/shhuang/projects/dap/analysis.v4/gem07_rep_memechip03/AP2EREBP_tnt/ERF10_colamp_a/background):
A 0.26800 C 0.23300 G 0.23300 T 0.26800 

MOTIF AP2EREBP_tnt.ERF10_colamp_a_m1 MEME

letter-probability matrix: alength= 4 w= 20 nsites= 565 E= 2.6e-1373
  0.238938	  0.320354	  0.217699	  0.223009	
  0.223009	  0.189381	  0.359292	  0.228319	
  0.263717	  0.164602	  0.378761	  0.192920	
  0.261947	  0.307965	  0.169912	  0.260177	
  0.270796	  0.129204	  0.396460	  0.203540	
  0.343363	  0.141593	  0.357522	  0.157522	
  0.375221	  0.185841	  0.102655	  0.336283	
  0.437168	  0.054867	  0.217699	  0.290265	
  0.449558	  0.065487	  0.323894	  0.161062	
  0.102655	  0.233628	  0.007080	  0.656637	
  0.003540	  0.000000	  0.897345	  0.099115	
  0.074336	  0.000000	  0.907965	  0.017699	
  0.000000	  1.000000	  0.000000	  0.000000	
  0.000000	  0.000000	  1.000000	  0.000000	
  0.000000	  0.000000	  1.000000	  0.000000	
  0.001770	  0.998230	  0.000000	  0.000000	
  0.001770	  0.000000	  0.971681	  0.026549	
  0.069027	  0.244248	  0.640708	  0.046018	
  0.387611	  0.286726	  0.061947	  0.263717	
  0.249558	  0.046018	  0.437168	  0.267257	

