MEME version 4.4

ALPHABET= ACGT

strands: + -

Background letter frequencies (from /mnt/thumper-e1/home/shhuang/projects/dap/analysis.v4/gem07_rep_memechip03/AP2EREBP_tnt/ERF104_colamp_a/background):
A 0.24900 C 0.25100 G 0.25100 T 0.24900 

MOTIF AP2EREBP_tnt.ERF104_colamp_a_m1 MEME

letter-probability matrix: alength= 4 w= 15 nsites= 283 E= 6.7e-577
  0.204947	  0.332155	  0.095406	  0.367491	
  0.233216	  0.088339	  0.484099	  0.194346	
  0.265018	  0.084806	  0.593640	  0.056537	
  0.102473	  0.473498	  0.003534	  0.420495	
  0.007067	  0.000000	  0.992933	  0.000000	
  0.106007	  0.003534	  0.890459	  0.000000	
  0.000000	  0.996466	  0.000000	  0.003534	
  0.000000	  0.000000	  1.000000	  0.000000	
  0.000000	  0.000000	  1.000000	  0.000000	
  0.003534	  0.982332	  0.000000	  0.014134	
  0.000000	  0.038869	  0.826855	  0.134276	
  0.137809	  0.176678	  0.643110	  0.042403	
  0.321555	  0.406360	  0.081272	  0.190813	
  0.144876	  0.067138	  0.607774	  0.180212	
  0.190813	  0.141343	  0.544170	  0.123675	

