MEME version 4.4

ALPHABET= ACGT

strands: + -

Background letter frequencies (from /mnt/thumper-e1/home/shhuang/projects/dap/analysis.v4/gem07_rep_memechip03/MYBrelated_tnt/AT3G10580_colamp_a/background):
A 0.31200 C 0.18800 G 0.18800 T 0.31200 

MOTIF MYBrelated_tnt.AT3G10580_colamp_a_m1 MEME

letter-probability matrix: alength= 4 w= 15 nsites= 377 E= 3.8e-858
  0.031830	  0.795756	  0.172414	  0.000000	
  0.000000	  1.000000	  0.000000	  0.000000	
  0.000000	  0.000000	  0.944297	  0.055703	
  0.870027	  0.007958	  0.074271	  0.047745	
  0.596817	  0.082228	  0.132626	  0.188329	
  0.893899	  0.010610	  0.039788	  0.055703	
  0.920424	  0.005305	  0.018568	  0.055703	
  0.575597	  0.042440	  0.039788	  0.342175	
  0.411141	  0.148541	  0.161804	  0.278515	
  0.074271	  0.175066	  0.034483	  0.716180	
  0.068966	  0.931034	  0.000000	  0.000000	
  0.000000	  0.000000	  1.000000	  0.000000	
  0.000000	  0.129973	  0.859416	  0.010610	
  0.533156	  0.068966	  0.225464	  0.172414	
  0.344828	  0.106101	  0.302387	  0.246684	

