MEME version 4.4

ALPHABET= ACGT

strands: + -

Background letter frequencies (from /mnt/thumper-e1/home/shhuang/projects/dap/analysis.v4/gem07_rep_memechip03/AP2EREBP_tnt/AT1G01250_colamp_a/background):
A 0.28500 C 0.21500 G 0.21500 T 0.28500 

MOTIF AP2EREBP_tnt.AT1G01250_colamp_a_m1 MEME

letter-probability matrix: alength= 4 w= 15 nsites= 129 E= 1.2e-203
  0.031008	  0.131783	  0.015504	  0.821705	
  0.015504	  0.000000	  0.984496	  0.000000	
  0.038760	  0.000000	  0.023256	  0.937984	
  0.000000	  0.992248	  0.007752	  0.000000	
  0.000000	  0.000000	  1.000000	  0.000000	
  0.000000	  0.000000	  1.000000	  0.000000	
  0.000000	  0.186047	  0.000000	  0.813953	
  0.077519	  0.007752	  0.868217	  0.046512	
  0.294574	  0.085271	  0.449612	  0.170543	
  0.387597	  0.333333	  0.054264	  0.224806	
  0.217054	  0.100775	  0.449612	  0.232558	
  0.325581	  0.077519	  0.325581	  0.271318	
  0.248062	  0.232558	  0.193798	  0.325581	
  0.224806	  0.108527	  0.496124	  0.170543	
  0.372093	  0.085271	  0.310078	  0.232558	

