MEME version 4.4

ALPHABET= ACGT

strands: + -

Background letter frequencies (from /mnt/thumper-e1/home/shhuang/projects/dap/analysis.v4/gem07_rep_memechip03/AP2EREBP_tnt/ERF8_colamp_a/background):
A 0.26900 C 0.23100 G 0.23100 T 0.26900 

MOTIF AP2EREBP_tnt.ERF8_colamp_a_m1 MEME

letter-probability matrix: alength= 4 w= 18 nsites= 588 E= 5.9e-1137
  0.341837	  0.153061	  0.306122	  0.198980	
  0.435374	  0.176871	  0.112245	  0.275510	
  0.437075	  0.057823	  0.173469	  0.331633	
  0.496599	  0.051020	  0.187075	  0.265306	
  0.115646	  0.272109	  0.000000	  0.612245	
  0.032313	  0.000000	  0.848639	  0.119048	
  0.248299	  0.005102	  0.704082	  0.042517	
  0.000000	  1.000000	  0.000000	  0.000000	
  0.000000	  0.000000	  0.994898	  0.005102	
  0.000000	  0.000000	  1.000000	  0.000000	
  0.001701	  0.989796	  0.000000	  0.008503	
  0.005102	  0.000000	  0.879252	  0.115646	
  0.124150	  0.229592	  0.542517	  0.103741	
  0.360544	  0.280612	  0.102041	  0.256803	
  0.244898	  0.062925	  0.474490	  0.217687	
  0.304422	  0.161565	  0.340136	  0.193878	
  0.256803	  0.236395	  0.193878	  0.312925	
  0.284014	  0.096939	  0.355442	  0.263605	

