MEME version 4.4

ALPHABET= ACGT

strands: + -

Background letter frequencies (from /mnt/thumper-e1/home/shhuang/projects/dap/analysis.v4/gem07_rep_memechip03/WRKY_tnt/WRKY14_col_a/background):
A 0.30900 C 0.19100 G 0.19100 T 0.30900 

MOTIF WRKY_tnt.WRKY14_col_a_m1 MEME

letter-probability matrix: alength= 4 w= 13 nsites= 598 E= 1.3e-1285
  0.478261	  0.214047	  0.130435	  0.177258	
  0.712375	  0.063545	  0.085284	  0.138796	
  0.759197	  0.036789	  0.040134	  0.163880	
  0.851171	  0.001672	  0.140468	  0.006689	
  0.000000	  0.000000	  1.000000	  0.000000	
  0.000000	  0.000000	  0.000000	  1.000000	
  0.000000	  1.000000	  0.000000	  0.000000	
  1.000000	  0.000000	  0.000000	  0.000000	
  1.000000	  0.000000	  0.000000	  0.000000	
  0.060201	  0.918060	  0.000000	  0.021739	
  0.088629	  0.090301	  0.663880	  0.157191	
  0.280936	  0.275920	  0.237458	  0.205686	
  0.240803	  0.262542	  0.127090	  0.369565	

