MEME version 4.4

ALPHABET= ACGT

strands: + -

Background letter frequencies (from /mnt/thumper-e1/home/shhuang/projects/dap/analysis.v4/gem07_rep_memechip03/G2like_tnt/AT2G40260_col_a/background):
A 0.34900 C 0.15100 G 0.15100 T 0.34900 

MOTIF G2like_tnt.AT2G40260_col_a_m1 MEME

letter-probability matrix: alength= 4 w= 15 nsites= 600 E= 5.2e-442
  0.231667	  0.215000	  0.045000	  0.508333	
  0.270000	  0.201667	  0.090000	  0.438333	
  0.416667	  0.120000	  0.111667	  0.351667	
  0.416667	  0.110000	  0.190000	  0.283333	
  0.638333	  0.058333	  0.013333	  0.290000	
  0.768333	  0.000000	  0.003333	  0.228333	
  0.246667	  0.251667	  0.058333	  0.443333	
  0.998333	  0.000000	  0.000000	  0.001667	
  0.000000	  0.000000	  0.000000	  1.000000	
  0.001667	  0.000000	  0.000000	  0.998333	
  0.000000	  1.000000	  0.000000	  0.000000	
  0.000000	  0.323333	  0.015000	  0.661667	
  0.223333	  0.253333	  0.048333	  0.475000	
  0.126667	  0.138333	  0.033333	  0.701667	
  0.216667	  0.145000	  0.130000	  0.508333	

