MEME version 4.4

ALPHABET= ACGT

strands: + -

Background letter frequencies (from /mnt/thumper-e1/home/shhuang/projects/dap/analysis.v4/gem07_rep_memechip03/HB_tnt/ATHB53_colamp_a/background):
A 0.33500 C 0.16500 G 0.16500 T 0.33500 

MOTIF HB_tnt.ATHB53_colamp_a_m1 MEME

letter-probability matrix: alength= 4 w= 15 nsites= 592 E= 2.7e-694
  0.224662	  0.228041	  0.270270	  0.277027	
  0.201014	  0.356419	  0.123311	  0.319257	
  0.271959	  0.456081	  0.074324	  0.197635	
  0.751689	  0.141892	  0.015203	  0.091216	
  1.000000	  0.000000	  0.000000	  0.000000	
  0.000000	  0.000000	  0.000000	  1.000000	
  0.356419	  0.060811	  0.084459	  0.498311	
  1.000000	  0.000000	  0.000000	  0.000000	
  0.000000	  0.000000	  0.000000	  1.000000	
  0.000000	  0.000000	  0.000000	  1.000000	
  0.074324	  0.000000	  0.913851	  0.011824	
  0.251689	  0.121622	  0.356419	  0.270270	
  0.228041	  0.130068	  0.103041	  0.538851	
  0.158784	  0.229730	  0.329392	  0.282095	
  0.221284	  0.312500	  0.189189	  0.277027	

