MEME version 4.4

ALPHABET= ACGT

strands: + -

Background letter frequencies (from /mnt/thumper-e1/home/shhuang/projects/dap/analysis.v4/gem07_rep_memechip03/AP2EREBP_tnt/At2g44940_colamp_a/background):
A 0.28400 C 0.21500 G 0.21500 T 0.28400 

MOTIF AP2EREBP_tnt.At2g44940_colamp_a_m1 MEME

letter-probability matrix: alength= 4 w= 13 nsites= 594 E= 5.2e-1257
  0.393939	  0.099327	  0.208754	  0.297980	
  0.186869	  0.144781	  0.329966	  0.338384	
  0.025253	  0.080808	  0.001684	  0.892256	
  0.000000	  0.000000	  1.000000	  0.000000	
  0.003367	  0.000000	  0.000000	  0.996633	
  0.000000	  1.000000	  0.000000	  0.000000	
  0.000000	  0.000000	  1.000000	  0.000000	
  0.000000	  0.000000	  1.000000	  0.000000	
  0.000000	  0.153199	  0.000000	  0.846801	
  0.097643	  0.042088	  0.803030	  0.057239	
  0.308081	  0.156566	  0.462963	  0.072391	
  0.345118	  0.271044	  0.119529	  0.264310	
  0.265993	  0.168350	  0.336700	  0.228956	

