MEME version 4.4

ALPHABET= ACGT

strands: + -

Background letter frequencies (from /mnt/thumper-e1/home/shhuang/projects/dap/analysis.v4/gem07_rep_memechip03/AP2EREBP_tnt/ERF105_colamp_a/background):
A 0.24700 C 0.25300 G 0.25300 T 0.24700 

MOTIF AP2EREBP_tnt.ERF105_colamp_a_m1 MEME

letter-probability matrix: alength= 4 w= 24 nsites= 591 E= 2.8e-1237
  0.172589	  0.417936	  0.155668	  0.253807	
  0.203046	  0.445008	  0.120135	  0.231810	
  0.248731	  0.191201	  0.326565	  0.233503	
  0.159052	  0.436548	  0.169205	  0.235195	
  0.189509	  0.443316	  0.155668	  0.211506	
  0.233503	  0.143824	  0.341794	  0.280880	
  0.130288	  0.489002	  0.137056	  0.243655	
  0.153976	  0.507614	  0.138748	  0.199662	
  0.280880	  0.164129	  0.357022	  0.197970	
  0.140440	  0.490694	  0.148900	  0.219966	
  0.143824	  0.538071	  0.106599	  0.211506	
  0.274112	  0.137056	  0.404399	  0.184433	
  0.138748	  0.494078	  0.142132	  0.225042	
  0.197970	  0.551607	  0.067682	  0.182741	
  0.252115	  0.093063	  0.384095	  0.270728	
  0.055838	  0.551607	  0.208122	  0.184433	
  0.175973	  0.805415	  0.013536	  0.005076	
  0.025381	  0.000000	  0.930626	  0.043993	
  0.000000	  0.989848	  0.010152	  0.000000	
  0.011844	  0.988156	  0.000000	  0.000000	
  0.028765	  0.000000	  0.964467	  0.006768	
  0.006768	  0.886633	  0.010152	  0.096447	
  0.000000	  0.996616	  0.003384	  0.000000	
  0.407783	  0.000000	  0.461929	  0.130288	

