MEME version 4.4

ALPHABET= ACGT

strands: + -

Background letter frequencies (from /mnt/thumper-e1/home/shhuang/projects/dap/analysis.v4/gem07_rep_memechip03/AP2EREBP_tnt/AT3G60490_colamp_a/background):
A 0.29500 C 0.20500 G 0.20500 T 0.29500 

MOTIF AP2EREBP_tnt.AT3G60490_colamp_a_m1 MEME

letter-probability matrix: alength= 4 w= 16 nsites= 597 E= 3.1e-1608
  0.351759	  0.137353	  0.293132	  0.217755	
  0.338358	  0.164154	  0.246231	  0.251256	
  0.361809	  0.145729	  0.150754	  0.341709	
  0.427136	  0.045226	  0.147404	  0.380235	
  0.149079	  0.107203	  0.358459	  0.385260	
  0.000000	  0.023451	  0.000000	  0.976549	
  0.000000	  0.000000	  1.000000	  0.000000	
  0.000000	  0.000000	  0.000000	  1.000000	
  0.000000	  1.000000	  0.000000	  0.000000	
  0.000000	  0.000000	  1.000000	  0.000000	
  0.000000	  0.000000	  1.000000	  0.000000	
  0.000000	  0.078727	  0.000000	  0.921273	
  0.046901	  0.015075	  0.921273	  0.016750	
  0.217755	  0.150754	  0.581240	  0.050251	
  0.328308	  0.252931	  0.145729	  0.273032	
  0.284757	  0.135678	  0.296482	  0.283082	

