MEME version 4.4

ALPHABET= ACGT

strands: + -

Background letter frequencies (from /mnt/thumper-e1/home/shhuang/projects/dap/analysis.v4/gem07_rep_memechip03/NAC_tnt/ANAC096_col/background):
A 0.31200 C 0.18800 G 0.18800 T 0.31200 

MOTIF NAC_tnt.ANAC096_col_m1 MEME

letter-probability matrix: alength= 4 w= 16 nsites= 597 E= 2.8e-1283
  0.005025	  0.994975	  0.000000	  0.000000	
  0.000000	  0.000000	  0.254606	  0.745394	
  0.000000	  0.000000	  0.000000	  1.000000	
  0.257956	  0.137353	  0.572864	  0.031826	
  0.373534	  0.222781	  0.174204	  0.229481	
  0.437186	  0.098827	  0.288107	  0.175879	
  0.319933	  0.177554	  0.355109	  0.147404	
  0.358459	  0.182580	  0.227806	  0.231156	
  0.336683	  0.080402	  0.108878	  0.474037	
  0.112228	  0.363484	  0.453936	  0.070352	
  1.000000	  0.000000	  0.000000	  0.000000	
  0.926298	  0.073702	  0.000000	  0.000000	
  0.000000	  0.000000	  0.994975	  0.005025	
  0.214405	  0.326633	  0.140704	  0.318258	
  0.882747	  0.028476	  0.000000	  0.088777	
  0.989950	  0.000000	  0.000000	  0.010050	

