MEME version 4.4

ALPHABET= ACGT

strands: + -

Background letter frequencies (from /mnt/thumper-e1/home/shhuang/projects/dap/analysis.v4/gem07_rep_memechip03/C2C2dof_tnt/AT5G66940_colamp_a/background):
A 0.34000 C 0.16000 G 0.16000 T 0.34000 

MOTIF C2C2dof_tnt.AT5G66940_colamp_a_m1 MEME

letter-probability matrix: alength= 4 w= 21 nsites= 600 E= 6.5e-656
  0.210000	  0.166667	  0.180000	  0.443333	
  0.220000	  0.171667	  0.158333	  0.450000	
  0.216667	  0.188333	  0.116667	  0.478333	
  0.241667	  0.135000	  0.140000	  0.483333	
  0.161667	  0.110000	  0.146667	  0.581667	
  0.076667	  0.251667	  0.055000	  0.616667	
  0.226667	  0.146667	  0.025000	  0.601667	
  0.565000	  0.133333	  0.231667	  0.070000	
  0.000000	  1.000000	  0.000000	  0.000000	
  0.001667	  0.005000	  0.000000	  0.993333	
  0.000000	  0.000000	  0.000000	  1.000000	
  0.000000	  0.000000	  0.000000	  1.000000	
  0.175000	  0.000000	  0.000000	  0.825000	
  0.088333	  0.116667	  0.101667	  0.693333	
  0.155000	  0.328333	  0.283333	  0.233333	
  0.175000	  0.305000	  0.135000	  0.385000	
  0.141667	  0.205000	  0.098333	  0.555000	
  0.100000	  0.181667	  0.090000	  0.628333	
  0.153333	  0.145000	  0.108333	  0.593333	
  0.155000	  0.193333	  0.126667	  0.525000	
  0.176667	  0.156667	  0.093333	  0.573333	

