MEME version 4.4

ALPHABET= ACGT

strands: + -

Background letter frequencies (from /mnt/thumper-e1/home/shhuang/projects/dap/analysis.v4/gem07_rep_memechip03/AP2EREBP_tnt/ERF13_colamp_a/background):
A 0.25800 C 0.24200 G 0.24200 T 0.25800 

MOTIF AP2EREBP_tnt.ERF13_colamp_a_m1 MEME

letter-probability matrix: alength= 4 w= 15 nsites= 578 E= 4.3e-997
  0.313149	  0.292388	  0.105536	  0.288927	
  0.418685	  0.093426	  0.230104	  0.257785	
  0.524221	  0.084775	  0.269896	  0.121107	
  0.173010	  0.347751	  0.010381	  0.468858	
  0.005190	  0.000000	  0.994810	  0.000000	
  0.088235	  0.000000	  0.837370	  0.074394	
  0.001730	  0.998270	  0.000000	  0.000000	
  0.000000	  0.000000	  0.991349	  0.008651	
  0.003460	  0.000000	  0.996540	  0.000000	
  0.000000	  0.998270	  0.000000	  0.001730	
  0.008651	  0.053633	  0.531142	  0.406574	
  0.268166	  0.192042	  0.498270	  0.041522	
  0.373702	  0.269896	  0.110727	  0.245675	
  0.219723	  0.100346	  0.441176	  0.238754	
  0.233564	  0.134948	  0.463668	  0.167820	

