MEME version 4.4

ALPHABET= ACGT

strands: + -

Background letter frequencies (from /mnt/thumper-e1/home/shhuang/projects/dap/analysis.v4/gem07_rep_memechip03/MYB_tnt/MYB92_colamp_a/background):
A 0.31900 C 0.18100 G 0.18100 T 0.31900 

MOTIF MYB_tnt.MYB92_colamp_a_m1 MEME

letter-probability matrix: alength= 4 w= 19 nsites= 591 E= 4.5e-812
  0.362098	  0.240271	  0.130288	  0.267343	
  0.390863	  0.225042	  0.142132	  0.241963	
  0.299492	  0.221658	  0.233503	  0.245347	
  0.287648	  0.177665	  0.167513	  0.367174	
  0.411168	  0.126904	  0.093063	  0.368866	
  0.294416	  0.164129	  0.265651	  0.275804	
  0.179357	  0.231810	  0.316413	  0.272420	
  0.091371	  0.296108	  0.103215	  0.509306	
  0.128596	  0.302876	  0.082910	  0.485618	
  0.038917	  0.582064	  0.043993	  0.335025	
  1.000000	  0.000000	  0.000000	  0.000000	
  0.084602	  0.915398	  0.000000	  0.000000	
  0.000000	  1.000000	  0.000000	  0.000000	
  0.372250	  0.021997	  0.000000	  0.605753	
  1.000000	  0.000000	  0.000000	  0.000000	
  0.397631	  0.602369	  0.000000	  0.000000	
  0.008460	  0.670051	  0.000000	  0.321489	
  0.380711	  0.192893	  0.060914	  0.365482	
  0.282572	  0.260575	  0.079526	  0.377327	

