MEME version 4.4

ALPHABET= ACGT

strands: + -

Background letter frequencies (from /mnt/thumper-e1/home/shhuang/projects/dap/analysis.v4/gem07_rep_memechip03/NLP_tnt/AtNLP4_col_b/background):
A 0.26000 C 0.24000 G 0.24000 T 0.26000 

MOTIF NLP_tnt.AtNLP4_col_b_m1 MEME

letter-probability matrix: alength= 4 w= 15 nsites= 365 E= 1.4e-249
  0.257534	  0.153425	  0.334247	  0.254795	
  0.263014	  0.323288	  0.150685	  0.263014	
  0.476712	  0.117808	  0.131507	  0.273973	
  0.131507	  0.112329	  0.627397	  0.128767	
  0.000000	  0.991781	  0.000000	  0.008219	
  0.986301	  0.000000	  0.013699	  0.000000	
  0.008219	  0.000000	  0.991781	  0.000000	
  0.000000	  1.000000	  0.000000	  0.000000	
  0.986301	  0.000000	  0.010959	  0.002740	
  0.219178	  0.128767	  0.536986	  0.115068	
  0.202740	  0.435616	  0.191781	  0.169863	
  0.367123	  0.142466	  0.252055	  0.238356	
  0.279452	  0.120548	  0.394521	  0.205479	
  0.158904	  0.356164	  0.254795	  0.230137	
  0.356164	  0.243836	  0.241096	  0.158904	

