MEME version 4.4

ALPHABET= ACGT

strands: + -

Background letter frequencies (from /mnt/thumper-e1/home/shhuang/projects/dap/analysis.v4/gem07_rep_memechip03/AP2EREBP_tnt/ERF8_col_a/background):
A 0.23500 C 0.26500 G 0.26500 T 0.23500 

MOTIF AP2EREBP_tnt.ERF8_col_a_m1 MEME

letter-probability matrix: alength= 4 w= 15 nsites= 589 E= 1.6e-996
  0.212224	  0.183362	  0.298812	  0.305603	
  0.113752	  0.514431	  0.120543	  0.251273	
  0.176570	  0.602716	  0.039049	  0.181664	
  0.295416	  0.108659	  0.264856	  0.331070	
  0.091681	  0.570458	  0.098472	  0.239389	
  0.093379	  0.835314	  0.011885	  0.059423	
  0.142615	  0.000000	  0.592530	  0.264856	
  0.016978	  0.925297	  0.054329	  0.003396	
  0.001698	  0.996604	  0.001698	  0.000000	
  0.023769	  0.000000	  0.967742	  0.008489	
  0.000000	  0.942275	  0.000000	  0.057725	
  0.003396	  0.996604	  0.000000	  0.000000	
  0.137521	  0.000000	  0.862479	  0.000000	
  0.052632	  0.533107	  0.056027	  0.358234	
  0.252971	  0.465195	  0.066214	  0.215620	

