MEME version 4.4

ALPHABET= ACGT

strands: + -

Background letter frequencies (from /mnt/thumper-e1/home/shhuang/projects/dap/analysis.v4/gem07_rep_memechip03/C2C2dof_tnt/OBP4_col_a/background):
A 0.33400 C 0.16600 G 0.16600 T 0.33400 

MOTIF C2C2dof_tnt.OBP4_col_a_m1 MEME

letter-probability matrix: alength= 4 w= 14 nsites= 600 E= 9.0e-513
  0.236667	  0.323333	  0.290000	  0.150000	
  0.881667	  0.028333	  0.056667	  0.033333	
  0.760000	  0.000000	  0.005000	  0.235000	
  0.998333	  0.000000	  0.000000	  0.001667	
  1.000000	  0.000000	  0.000000	  0.000000	
  1.000000	  0.000000	  0.000000	  0.000000	
  0.000000	  0.000000	  1.000000	  0.000000	
  0.036667	  0.061667	  0.348333	  0.553333	
  0.321667	  0.038333	  0.211667	  0.428333	
  0.645000	  0.053333	  0.218333	  0.083333	
  0.505000	  0.170000	  0.133333	  0.191667	
  0.488333	  0.128333	  0.086667	  0.296667	
  0.436667	  0.160000	  0.126667	  0.276667	
  0.455000	  0.145000	  0.091667	  0.308333	

