MEME version 4.4

ALPHABET= ACGT

strands: + -

Background letter frequencies (from /mnt/thumper-e1/home/shhuang/projects/dap/analysis.v4/gem07_rep_memechip03/NAC_tnt/SMB_colamp_a/background):
A 0.30400 C 0.19600 G 0.19600 T 0.30400 

MOTIF NAC_tnt.SMB_colamp_a_m1 MEME

letter-probability matrix: alength= 4 w= 16 nsites= 591 E= 2.2e-813
  0.089679	  0.874788	  0.000000	  0.035533	
  0.000000	  0.000000	  0.697124	  0.302876	
  0.000000	  0.000000	  0.000000	  1.000000	
  0.379019	  0.021997	  0.598985	  0.000000	
  0.338409	  0.199662	  0.148900	  0.313029	
  0.348562	  0.150592	  0.341794	  0.159052	
  0.285956	  0.179357	  0.270728	  0.263959	
  0.341794	  0.174281	  0.133672	  0.350254	
  0.297800	  0.126904	  0.172589	  0.402707	
  0.099831	  0.443316	  0.294416	  0.162437	
  0.976311	  0.016920	  0.001692	  0.005076	
  0.705584	  0.282572	  0.011844	  0.000000	
  0.005076	  0.000000	  0.967851	  0.027073	
  0.162437	  0.414552	  0.174281	  0.248731	
  0.609137	  0.103215	  0.069374	  0.218274	
  0.886633	  0.003384	  0.000000	  0.109983	

