MEME version 4.4

ALPHABET= ACGT

strands: + -

Background letter frequencies (from /mnt/thumper-e1/home/shhuang/projects/dap/analysis.v4/gem07_rep_memechip03/bZIP_tnt/TGA6_col_a/background):
A 0.28600 C 0.21400 G 0.21400 T 0.28600 

MOTIF bZIP_tnt.TGA6_col_a_m1 MEME

letter-probability matrix: alength= 4 w= 15 nsites= 580 E= 4.8e-1567
  0.320690	  0.120690	  0.308621	  0.250000	
  0.437931	  0.134483	  0.410345	  0.017241	
  0.000000	  0.000000	  0.000000	  1.000000	
  0.001724	  0.000000	  0.993103	  0.005172	
  0.996552	  0.000000	  0.003448	  0.000000	
  0.000000	  0.967241	  0.000000	  0.032759	
  0.034483	  0.001724	  0.963793	  0.000000	
  0.000000	  0.000000	  0.000000	  1.000000	
  0.122414	  0.860345	  0.010345	  0.006897	
  0.968966	  0.000000	  0.010345	  0.020690	
  0.003448	  0.125862	  0.348276	  0.522414	
  0.048276	  0.748276	  0.106897	  0.096552	
  0.505172	  0.074138	  0.203448	  0.217241	
  0.251724	  0.163793	  0.150000	  0.434483	
  0.231034	  0.313793	  0.131034	  0.324138	

