MEME version 4.4

ALPHABET= ACGT

strands: + -

Background letter frequencies (from /mnt/thumper-e1/home/shhuang/projects/dap/analysis.v4/gem07_rep_memechip03/NAC_tnt/AT1G19040_col_a/background):
A 0.29600 C 0.20400 G 0.20400 T 0.29600 

MOTIF NAC_tnt.AT1G19040_col_a_m1 MEME

letter-probability matrix: alength= 4 w= 16 nsites= 581 E= 4.8e-1490
  0.340792	  0.000000	  0.012048	  0.647160	
  0.557659	  0.005164	  0.146299	  0.290878	
  0.590361	  0.079174	  0.271945	  0.058520	
  0.005164	  0.993115	  0.000000	  0.001721	
  0.000000	  0.000000	  0.223752	  0.776248	
  0.000000	  0.000000	  0.000000	  1.000000	
  0.037866	  0.013769	  0.948365	  0.000000	
  0.196213	  0.285714	  0.351119	  0.166954	
  0.340792	  0.092943	  0.418244	  0.148021	
  0.177281	  0.177281	  0.512909	  0.132530	
  0.316695	  0.316695	  0.127367	  0.239243	
  0.259897	  0.208262	  0.344234	  0.187608	
  0.027539	  0.919105	  0.032702	  0.020654	
  1.000000	  0.000000	  0.000000	  0.000000	
  0.860585	  0.139415	  0.000000	  0.000000	
  0.000000	  0.000000	  1.000000	  0.000000	

