MEME version 4.4

ALPHABET= ACGT

strands: + -

Background letter frequencies (from /mnt/thumper-e1/home/shhuang/projects/dap/analysis.v4/gem07_rep_memechip03/REM_tnt/REM19_colamp_a/background):
A 0.37700 C 0.12300 G 0.12300 T 0.37700 

MOTIF REM_tnt.REM19_colamp_a_m1 MEME

letter-probability matrix: alength= 4 w= 21 nsites= 552 E= 4.8e-1000
  0.409420	  0.054348	  0.152174	  0.384058	
  0.268116	  0.117754	  0.025362	  0.588768	
  0.201087	  0.090580	  0.364130	  0.344203	
  0.458333	  0.108696	  0.188406	  0.244565	
  0.449275	  0.387681	  0.065217	  0.097826	
  0.730072	  0.246377	  0.023551	  0.000000	
  0.903986	  0.077899	  0.001812	  0.016304	
  0.902174	  0.018116	  0.057971	  0.021739	
  0.871377	  0.110507	  0.016304	  0.001812	
  0.967391	  0.003623	  0.028986	  0.000000	
  0.947464	  0.003623	  0.023551	  0.025362	
  0.969203	  0.005435	  0.000000	  0.025362	
  0.940217	  0.025362	  0.023551	  0.010870	
  0.978261	  0.000000	  0.007246	  0.014493	
  0.913043	  0.010870	  0.039855	  0.036232	
  0.885870	  0.079710	  0.034420	  0.000000	
  0.853261	  0.001812	  0.063406	  0.081522	
  0.710145	  0.085145	  0.061594	  0.143116	
  0.603261	  0.184783	  0.163043	  0.048913	
  0.632246	  0.041667	  0.043478	  0.282609	
  0.425725	  0.190217	  0.188406	  0.195652	

