MEME version 4.4

ALPHABET= ACGT

strands: + -

Background letter frequencies (from /mnt/thumper-e1/home/shhuang/projects/dap/analysis.v4/gem07_rep_memechip03/AP2EREBP_tnt/ERF13_col_b/background):
A 0.25600 C 0.24400 G 0.24400 T 0.25600 

MOTIF AP2EREBP_tnt.ERF13_col_b_m1 MEME

letter-probability matrix: alength= 4 w= 15 nsites= 570 E= 2.1e-1133
  0.238596	  0.457895	  0.094737	  0.208772	
  0.191228	  0.124561	  0.242105	  0.442105	
  0.033333	  0.585965	  0.182456	  0.198246	
  0.422807	  0.526316	  0.049123	  0.001754	
  0.005263	  0.000000	  0.994737	  0.000000	
  0.000000	  1.000000	  0.000000	  0.000000	
  0.000000	  1.000000	  0.000000	  0.000000	
  0.005263	  0.000000	  0.994737	  0.000000	
  0.035088	  0.908772	  0.000000	  0.056140	
  0.000000	  1.000000	  0.000000	  0.000000	
  0.542105	  0.012281	  0.264912	  0.180702	
  0.149123	  0.217544	  0.028070	  0.605263	
  0.245614	  0.221053	  0.064912	  0.468421	
  0.250877	  0.082456	  0.222807	  0.443860	
  0.147368	  0.405263	  0.135088	  0.312281	

