MEME version 4.4

ALPHABET= ACGT

strands: + -

Background letter frequencies (from /mnt/thumper-e1/home/shhuang/projects/dap/analysis.v4/gem07_rep_memechip03/MYB_tnt/MYB51_col_a/background):
A 0.30700 C 0.19300 G 0.19300 T 0.30700 

MOTIF MYB_tnt.MYB51_col_a_m1 MEME

letter-probability matrix: alength= 4 w= 21 nsites= 553 E= 7.6e-736
  0.267631	  0.298373	  0.132007	  0.301989	
  0.289331	  0.198915	  0.106691	  0.405063	
  0.274864	  0.283906	  0.130199	  0.311031	
  0.262206	  0.321881	  0.121157	  0.294756	
  0.379747	  0.195298	  0.117541	  0.307414	
  0.356239	  0.179024	  0.173599	  0.291139	
  0.341772	  0.242315	  0.104882	  0.311031	
  0.381555	  0.195298	  0.148282	  0.274864	
  0.262206	  0.265823	  0.160940	  0.311031	
  0.285714	  0.226040	  0.155515	  0.332731	
  0.083183	  0.372514	  0.095841	  0.448463	
  0.099458	  0.385172	  0.090416	  0.424955	
  0.104882	  0.500904	  0.014467	  0.379747	
  0.998192	  0.001808	  0.000000	  0.000000	
  0.000000	  1.000000	  0.000000	  0.000000	
  0.000000	  1.000000	  0.000000	  0.000000	
  0.453888	  0.001808	  0.003617	  0.540687	
  0.998192	  0.000000	  0.001808	  0.000000	
  0.204340	  0.772152	  0.014467	  0.009042	
  0.083183	  0.589512	  0.019892	  0.307414	
  0.419530	  0.090416	  0.023508	  0.466546	

