MEME version 4.4

ALPHABET= ACGT

strands: + -

Background letter frequencies (from /mnt/thumper-e1/home/shhuang/projects/dap/analysis.v4/gem07_rep_memechip03/MYB_tnt/MYB63_col_a/background):
A 0.28500 C 0.21500 G 0.21500 T 0.28500 

MOTIF MYB_tnt.MYB63_col_a_m1 MEME

letter-probability matrix: alength= 4 w= 21 nsites= 593 E= 1.1e-1211
  0.209106	  0.397976	  0.129848	  0.263069	
  0.313659	  0.232715	  0.185497	  0.268128	
  0.320405	  0.281619	  0.155143	  0.242833	
  0.244519	  0.344013	  0.084317	  0.327150	
  0.305228	  0.217538	  0.145025	  0.332209	
  0.293423	  0.266442	  0.163575	  0.276560	
  0.202361	  0.387858	  0.124789	  0.284992	
  0.160202	  0.333895	  0.101180	  0.404722	
  0.072513	  0.470489	  0.035413	  0.421585	
  0.000000	  0.804384	  0.005059	  0.190556	
  0.993255	  0.006745	  0.000000	  0.000000	
  0.075885	  0.920742	  0.003373	  0.000000	
  0.000000	  1.000000	  0.000000	  0.000000	
  0.669477	  0.006745	  0.015177	  0.308600	
  0.993255	  0.000000	  0.006745	  0.000000	
  0.155143	  0.831366	  0.000000	  0.013491	
  0.013491	  0.762226	  0.000000	  0.224283	
  0.340641	  0.465430	  0.074199	  0.119730	
  0.173693	  0.672850	  0.011804	  0.141653	
  0.322091	  0.340641	  0.104553	  0.232715	
  0.325464	  0.273187	  0.150084	  0.251265	

