MEME version 4.4

ALPHABET= ACGT

strands: + -

Background letter frequencies (from /mnt/thumper-e1/home/shhuang/projects/dap/analysis.v4/gem07_rep_memechip03/AP2EREBP_tnt/ERF15_colamp_a/background):
A 0.26400 C 0.23600 G 0.23600 T 0.26400 

MOTIF AP2EREBP_tnt.ERF15_colamp_a_m1 MEME

letter-probability matrix: alength= 4 w= 18 nsites= 600 E= 2.5e-1196
  0.268333	  0.355000	  0.131667	  0.245000	
  0.260000	  0.163333	  0.373333	  0.203333	
  0.175000	  0.436667	  0.170000	  0.218333	
  0.211667	  0.396667	  0.123333	  0.268333	
  0.286667	  0.160000	  0.341667	  0.211667	
  0.186667	  0.381667	  0.136667	  0.295000	
  0.271667	  0.355000	  0.046667	  0.326667	
  0.278333	  0.083333	  0.233333	  0.405000	
  0.080000	  0.406667	  0.141667	  0.371667	
  0.510000	  0.463333	  0.026667	  0.000000	
  0.000000	  0.000000	  0.998333	  0.001667	
  0.000000	  1.000000	  0.000000	  0.000000	
  0.100000	  0.898333	  0.000000	  0.001667	
  0.010000	  0.000000	  0.990000	  0.000000	
  0.005000	  0.961667	  0.000000	  0.033333	
  0.001667	  0.998333	  0.000000	  0.000000	
  0.421667	  0.013333	  0.391667	  0.173333	
  0.060000	  0.401667	  0.078333	  0.460000	

