MEME version 4.4

ALPHABET= ACGT

strands: + -

Background letter frequencies (from /mnt/thumper-e1/home/shhuang/projects/dap/analysis.v4/gem07_rep_memechip03/WRKY_tnt/WRKY75_colamp_a/background):
A 0.31500 C 0.18500 G 0.18500 T 0.31500 

MOTIF WRKY_tnt.WRKY75_colamp_a_m1 MEME

letter-probability matrix: alength= 4 w= 13 nsites= 600 E= 2.5e-1256
  0.353333	  0.116667	  0.253333	  0.276667	
  0.271667	  0.186667	  0.231667	  0.310000	
  0.121667	  0.585000	  0.110000	  0.183333	
  0.061667	  0.006667	  0.755000	  0.176667	
  0.003333	  0.000000	  0.000000	  0.996667	
  0.000000	  0.000000	  0.001667	  0.998333	
  0.000000	  0.000000	  1.000000	  0.000000	
  0.993333	  0.003333	  0.003333	  0.000000	
  0.000000	  1.000000	  0.000000	  0.000000	
  0.005000	  0.078333	  0.000000	  0.916667	
  0.126667	  0.026667	  0.006667	  0.840000	
  0.098333	  0.066667	  0.033333	  0.801667	
  0.118333	  0.138333	  0.165000	  0.578333	

