MEME version 4.4

ALPHABET= ACGT

strands: + -

Background letter frequencies (from /mnt/thumper-e1/home/shhuang/projects/dap/analysis.v4/gem07_rep_memechip03/WRKY_tnt/WRKY6_col_a/background):
A 0.30600 C 0.19400 G 0.19400 T 0.30600 

MOTIF WRKY_tnt.WRKY6_col_a_m1 MEME

letter-probability matrix: alength= 4 w= 19 nsites= 285 E= 2.3e-530
  0.143860	  0.684211	  0.073684	  0.098246	
  0.003509	  0.000000	  0.919298	  0.077193	
  0.000000	  0.000000	  0.000000	  1.000000	
  0.000000	  0.000000	  0.000000	  1.000000	
  0.000000	  0.000000	  1.000000	  0.000000	
  1.000000	  0.000000	  0.000000	  0.000000	
  0.000000	  1.000000	  0.000000	  0.000000	
  0.000000	  0.298246	  0.000000	  0.701754	
  0.270175	  0.133333	  0.129825	  0.466667	
  0.259649	  0.080702	  0.150877	  0.508772	
  0.203509	  0.143860	  0.312281	  0.340351	
  0.238596	  0.101754	  0.294737	  0.364912	
  0.207018	  0.270175	  0.066667	  0.456140	
  0.263158	  0.147368	  0.154386	  0.435088	
  0.354386	  0.080702	  0.287719	  0.277193	
  0.385965	  0.143860	  0.171930	  0.298246	
  0.221053	  0.284211	  0.228070	  0.266667	
  0.305263	  0.277193	  0.136842	  0.280702	
  0.273684	  0.294737	  0.119298	  0.312281	

