MEME version 4.4

ALPHABET= ACGT

strands: + -

Background letter frequencies (from /mnt/thumper-e1/home/shhuang/projects/dap/analysis.v4/gem07_rep_memechip03/WRKY_tnt/WRKY70_col/background):
A 0.30200 C 0.19800 G 0.19800 T 0.30200 

MOTIF WRKY_tnt.WRKY70_col_m1 MEME

letter-probability matrix: alength= 4 w= 13 nsites= 599 E= 6.1e-1498
  0.350584	  0.128548	  0.280467	  0.240401	
  0.205342	  0.275459	  0.302170	  0.217028	
  0.125209	  0.774624	  0.053422	  0.046745	
  0.023372	  0.000000	  0.974958	  0.001669	
  0.000000	  0.000000	  0.000000	  1.000000	
  0.000000	  0.000000	  0.000000	  1.000000	
  0.000000	  0.000000	  1.000000	  0.000000	
  1.000000	  0.000000	  0.000000	  0.000000	
  0.000000	  1.000000	  0.000000	  0.000000	
  0.003339	  0.096828	  0.005008	  0.894825	
  0.118531	  0.040067	  0.018364	  0.823038	
  0.136895	  0.075125	  0.061770	  0.726210	
  0.165275	  0.121870	  0.196995	  0.515860	

