MEME version 4.4

ALPHABET= ACGT

strands: + -

Background letter frequencies (from /mnt/thumper-e1/home/shhuang/projects/dap/analysis.v4/gem07_rep_memechip03/LOBAS2_tnt/LBD2_col_a/background):
A 0.25000 C 0.25000 G 0.25000 T 0.25000 

MOTIF LOBAS2_tnt.LBD2_col_a_m1 MEME

letter-probability matrix: alength= 4 w= 15 nsites= 600 E= 1.9e-618
  0.101667	  0.483333	  0.338333	  0.076667	
  0.046667	  0.946667	  0.003333	  0.003333	
  0.015000	  0.000000	  0.925000	  0.060000	
  0.741667	  0.018333	  0.161667	  0.078333	
  0.396667	  0.196667	  0.170000	  0.236667	
  0.530000	  0.066667	  0.308333	  0.095000	
  0.720000	  0.025000	  0.088333	  0.166667	
  0.451667	  0.083333	  0.085000	  0.380000	
  0.413333	  0.123333	  0.225000	  0.238333	
  0.195000	  0.146667	  0.168333	  0.490000	
  0.078333	  0.906667	  0.000000	  0.015000	
  0.000000	  0.000000	  1.000000	  0.000000	
  0.040000	  0.168333	  0.720000	  0.071667	
  0.521667	  0.245000	  0.075000	  0.158333	
  0.241667	  0.081667	  0.538333	  0.138333	

