MEME version 4.4

ALPHABET= ACGT

strands: + -

Background letter frequencies (from /mnt/thumper-e1/home/shhuang/projects/dap/analysis.v4/gem07_rep_memechip03/AP2EREBP_tnt/AT3G16280_col_a/background):
A 0.27700 C 0.22300 G 0.22300 T 0.27700 

MOTIF AP2EREBP_tnt.AT3G16280_col_a_m1 MEME

letter-probability matrix: alength= 4 w= 14 nsites= 561 E= 1.1e-785
  0.290553	  0.190731	  0.165775	  0.352941	
  0.360071	  0.114082	  0.203209	  0.322638	
  0.206774	  0.139037	  0.303030	  0.351159	
  0.067736	  0.098039	  0.058824	  0.775401	
  0.044563	  0.057041	  0.853832	  0.044563	
  0.000000	  0.000000	  0.008913	  0.991087	
  0.000000	  0.996435	  0.000000	  0.003565	
  0.000000	  0.000000	  1.000000	  0.000000	
  0.010695	  0.000000	  0.989305	  0.000000	
  0.048128	  0.098039	  0.028520	  0.825312	
  0.089127	  0.035651	  0.791444	  0.083779	
  0.251337	  0.144385	  0.477718	  0.126560	
  0.304813	  0.294118	  0.121212	  0.279857	
  0.292335	  0.128342	  0.333333	  0.245989	

