MEME version 4.4

ALPHABET= ACGT

strands: + -

Background letter frequencies (from /mnt/thumper-e1/home/shhuang/projects/dap/analysis.v4/gem07_rep_memechip03/bHLH_tnt/BIM2_colamp/background):
A 0.25900 C 0.24100 G 0.24100 T 0.25900 

MOTIF bHLH_tnt.BIM2_colamp_m1 MEME

letter-probability matrix: alength= 4 w= 19 nsites= 585 E= 3.4e-863
  0.280342	  0.158974	  0.323077	  0.237607	
  0.210256	  0.312821	  0.285470	  0.191453	
  0.287179	  0.336752	  0.160684	  0.215385	
  0.369231	  0.189744	  0.252991	  0.188034	
  0.136752	  0.423932	  0.276923	  0.162393	
  0.227350	  0.128205	  0.488889	  0.155556	
  0.138462	  0.237607	  0.211966	  0.411966	
  0.211966	  0.157265	  0.485470	  0.145299	
  0.285470	  0.249573	  0.193162	  0.271795	
  0.324786	  0.148718	  0.302564	  0.223932	
  0.256410	  0.188034	  0.217094	  0.338462	
  0.232479	  0.164103	  0.497436	  0.105983	
  0.196581	  0.119658	  0.372650	  0.311111	
  0.000000	  0.998291	  0.000000	  0.001709	
  0.993162	  0.000000	  0.006838	  0.000000	
  0.000000	  0.996581	  0.000000	  0.003419	
  0.039316	  0.000000	  0.960684	  0.000000	
  0.000000	  0.011966	  0.010256	  0.977778	
  0.001709	  0.000000	  0.998291	  0.000000	

