MEME version 4.4

ALPHABET= ACGT

strands: + -

Background letter frequencies (from /mnt/thumper-e1/home/shhuang/projects/dap/analysis.v4/gem07_rep_memechip03/C2H2_tnt/WIP5_colamp_a/background):
A 0.31600 C 0.18400 G 0.18400 T 0.31600 

MOTIF C2H2_tnt.WIP5_colamp_a_m1 MEME

letter-probability matrix: alength= 4 w= 15 nsites= 577 E= 2.1e-408
  0.336222	  0.107452	  0.071057	  0.485269	
  0.689775	  0.097054	  0.199307	  0.013865	
  0.097054	  0.795494	  0.079723	  0.027730	
  0.045061	  0.944541	  0.000000	  0.010399	
  0.000000	  0.124783	  0.093588	  0.781629	
  0.247834	  0.123050	  0.455806	  0.173310	
  0.058925	  0.268631	  0.662045	  0.010399	
  0.870017	  0.017331	  0.076256	  0.036395	
  0.000000	  0.091854	  0.682842	  0.225303	
  0.526863	  0.207972	  0.057192	  0.207972	
  0.715771	  0.043328	  0.123050	  0.117851	
  0.251300	  0.344887	  0.178510	  0.225303	
  0.703640	  0.055459	  0.166378	  0.074523	
  0.454073	  0.057192	  0.031196	  0.457539	
  0.500867	  0.145581	  0.251300	  0.102253	

