MEME version 4.4

ALPHABET= ACGT

strands: + -

Background letter frequencies (from /mnt/thumper-e1/home/shhuang/projects/dap/analysis.v4/gem07_rep_memechip03/ND_tnt/AGL95_col_a/background):
A 0.29500 C 0.20500 G 0.20500 T 0.29500 

MOTIF ND_tnt.AGL95_col_a_m1 MEME

letter-probability matrix: alength= 4 w= 15 nsites= 595 E= 4.3e-1272
  0.603361	  0.070588	  0.247059	  0.078992	
  0.036975	  0.011765	  0.934454	  0.016807	
  0.944538	  0.010084	  0.025210	  0.020168	
  0.910924	  0.006723	  0.021849	  0.060504	
  0.102521	  0.194958	  0.556303	  0.146218	
  0.243697	  0.405042	  0.215126	  0.136134	
  0.141176	  0.033613	  0.015126	  0.810084	
  0.036975	  0.005042	  0.016807	  0.941176	
  0.013445	  0.944538	  0.018487	  0.023529	
  0.050420	  0.141176	  0.073950	  0.734454	
  0.763025	  0.038655	  0.176471	  0.021849	
  0.013445	  0.015126	  0.954622	  0.016807	
  0.912605	  0.025210	  0.021849	  0.040336	
  0.724370	  0.047059	  0.104202	  0.124370	
  0.228571	  0.218487	  0.393277	  0.159664	

