MEME version 4.4

ALPHABET= ACGT

strands: + -

Background letter frequencies (from /mnt/thumper-e1/home/shhuang/projects/dap/analysis.v4/gem07_rep_memechip03/AP2EREBP_tnt/ERF48_col_a/background):
A 0.24400 C 0.25600 G 0.25600 T 0.24400 

MOTIF AP2EREBP_tnt.ERF48_col_a_m1 MEME

letter-probability matrix: alength= 4 w= 21 nsites= 259 E= 7.6e-537
  0.146718	  0.054054	  0.629344	  0.169884	
  0.150579	  0.054054	  0.714286	  0.081081	
  0.308880	  0.436293	  0.057915	  0.196911	
  0.158301	  0.011583	  0.737452	  0.092664	
  0.135135	  0.111969	  0.706564	  0.046332	
  0.158301	  0.374517	  0.019305	  0.447876	
  0.034749	  0.038610	  0.768340	  0.158301	
  0.169884	  0.081081	  0.671815	  0.077220	
  0.274131	  0.297297	  0.061776	  0.366795	
  0.204633	  0.003861	  0.633205	  0.158301	
  0.181467	  0.084942	  0.571429	  0.162162	
  0.169884	  0.378378	  0.023166	  0.428571	
  0.092664	  0.003861	  0.845560	  0.057915	
  0.108108	  0.000000	  0.826255	  0.065637	
  0.061776	  0.613900	  0.000000	  0.324324	
  0.000000	  0.011583	  0.988417	  0.000000	
  0.000000	  0.000000	  0.988417	  0.011583	
  0.177606	  0.220077	  0.000000	  0.602317	
  0.000000	  0.011583	  0.888031	  0.100386	
  0.177606	  0.038610	  0.779923	  0.003861	
  0.397683	  0.196911	  0.111969	  0.293436	

