MEME version 4.4

ALPHABET= ACGT

strands: + -

Background letter frequencies (from /mnt/thumper-e1/home/shhuang/projects/dap/analysis.v4/gem07_rep_memechip03/NAC_tnt/ANAC005_col_a/background):
A 0.32200 C 0.17800 G 0.17800 T 0.32200 

MOTIF NAC_tnt.ANAC005_col_a_m1 MEME

letter-probability matrix: alength= 4 w= 19 nsites= 590 E= 1.6e-1283
  0.222034	  0.059322	  0.027119	  0.691525	
  0.361017	  0.077966	  0.091525	  0.469492	
  0.415254	  0.183051	  0.271186	  0.130508	
  0.000000	  0.998305	  0.000000	  0.001695	
  0.000000	  0.000000	  0.003390	  0.996610	
  0.000000	  0.000000	  0.000000	  1.000000	
  0.235593	  0.376271	  0.286441	  0.101695	
  0.125424	  0.149153	  0.093220	  0.632203	
  0.189831	  0.149153	  0.171186	  0.489831	
  0.179661	  0.345763	  0.062712	  0.411864	
  0.320339	  0.210169	  0.115254	  0.354237	
  0.494915	  0.152542	  0.177966	  0.174576	
  0.020339	  0.493220	  0.062712	  0.423729	
  0.998305	  0.000000	  0.001695	  0.000000	
  0.994915	  0.005085	  0.000000	  0.000000	
  0.000000	  0.000000	  1.000000	  0.000000	
  0.062712	  0.157627	  0.116949	  0.662712	
  0.281356	  0.066102	  0.020339	  0.632203	
  0.462712	  0.018644	  0.020339	  0.498305	

