MEME version 4.4

ALPHABET= ACGT

strands: + -

Background letter frequencies (from /mnt/thumper-e1/home/shhuang/projects/dap/analysis.v4/gem07_rep_memechip03/AP2EREBP_tnt/AT3G16280_colamp_a/background):
A 0.30300 C 0.19700 G 0.19700 T 0.30300 

MOTIF AP2EREBP_tnt.AT3G16280_colamp_a_m1 MEME

letter-probability matrix: alength= 4 w= 14 nsites= 598 E= 1.8e-1629
  0.076923	  0.474916	  0.160535	  0.287625	
  0.021739	  0.944816	  0.023411	  0.010033	
  0.929766	  0.000000	  0.070234	  0.000000	
  0.000000	  1.000000	  0.000000	  0.000000	
  0.000000	  1.000000	  0.000000	  0.000000	
  0.000000	  0.000000	  1.000000	  0.000000	
  1.000000	  0.000000	  0.000000	  0.000000	
  0.000000	  1.000000	  0.000000	  0.000000	
  0.989967	  0.000000	  0.010033	  0.000000	
  0.397993	  0.314381	  0.123746	  0.163880	
  0.391304	  0.123746	  0.053512	  0.431438	
  0.349498	  0.140468	  0.157191	  0.352843	
  0.274247	  0.222408	  0.127090	  0.376254	
  0.235786	  0.274247	  0.140468	  0.349498	

