MEME version 4.4

ALPHABET= ACGT

strands: + -

Background letter frequencies (from /mnt/thumper-e1/home/shhuang/projects/dap/analysis.v4/gem07_rep_memechip03/MYB_tnt/MYB39_col_a/background):
A 0.32800 C 0.17200 G 0.17200 T 0.32800 

MOTIF MYB_tnt.MYB39_col_a_m1 MEME

letter-probability matrix: alength= 4 w= 14 nsites= 585 E= 7.0e-885
  0.435897	  0.092308	  0.218803	  0.252991	
  0.514530	  0.054701	  0.206838	  0.223932	
  0.668376	  0.000000	  0.078632	  0.252991	
  0.483761	  0.000000	  0.470085	  0.046154	
  0.006838	  0.000000	  0.439316	  0.553846	
  0.000000	  0.000000	  0.000000	  1.000000	
  0.830769	  0.000000	  0.000000	  0.169231	
  0.000000	  0.000000	  1.000000	  0.000000	
  0.005128	  0.000000	  0.856410	  0.138462	
  0.000000	  0.006838	  0.000000	  0.993162	
  0.278632	  0.017094	  0.670085	  0.034188	
  0.507692	  0.073504	  0.352137	  0.066667	
  0.547009	  0.094017	  0.309402	  0.049573	
  0.476923	  0.196581	  0.169231	  0.157265	

