MEME version 4.4

ALPHABET= ACGT

strands: + -

Background letter frequencies (from /mnt/thumper-e1/home/shhuang/projects/dap/analysis.v4/gem07_rep_memechip03/NAC_tnt/VND3_col/background):
A 0.31300 C 0.18700 G 0.18700 T 0.31300 

MOTIF NAC_tnt.VND3_col_m1 MEME

letter-probability matrix: alength= 4 w= 16 nsites= 588 E= 3.1e-1233
  0.017007	  0.982993	  0.000000	  0.000000	
  0.000000	  0.000000	  0.445578	  0.554422	
  0.000000	  0.000000	  0.000000	  1.000000	
  0.418367	  0.066327	  0.493197	  0.022109	
  0.403061	  0.217687	  0.156463	  0.222789	
  0.476190	  0.098639	  0.234694	  0.190476	
  0.350340	  0.180272	  0.250000	  0.219388	
  0.346939	  0.200680	  0.139456	  0.312925	
  0.403061	  0.102041	  0.159864	  0.335034	
  0.105442	  0.477891	  0.268707	  0.147959	
  0.998299	  0.001701	  0.000000	  0.000000	
  0.819728	  0.180272	  0.000000	  0.000000	
  0.000000	  0.000000	  0.993197	  0.006803	
  0.085034	  0.722789	  0.064626	  0.127551	
  0.855442	  0.025510	  0.008503	  0.110544	
  0.971088	  0.000000	  0.000000	  0.028912	

