MEME version 4.4

ALPHABET= ACGT

strands: + -

Background letter frequencies (from /mnt/thumper-e1/home/shhuang/projects/dap/analysis.v4/gem07_rep_memechip03/TCP_tnt/TCP20_col_a/background):
A 0.29000 C 0.21000 G 0.21000 T 0.29000 

MOTIF TCP_tnt.TCP20_col_a_m1 MEME

letter-probability matrix: alength= 4 w= 21 nsites= 590 E= 6.5e-1609
  0.332203	  0.127119	  0.215254	  0.325424	
  0.418644	  0.181356	  0.196610	  0.203390	
  0.269492	  0.249153	  0.247458	  0.233898	
  0.454237	  0.161017	  0.218644	  0.166102	
  0.289831	  0.176271	  0.269492	  0.264407	
  0.428814	  0.149153	  0.242373	  0.179661	
  0.305085	  0.137288	  0.327119	  0.230508	
  0.286441	  0.288136	  0.194915	  0.230508	
  0.371186	  0.127119	  0.177966	  0.323729	
  0.266102	  0.149153	  0.291525	  0.293220	
  0.122034	  0.033898	  0.811864	  0.032203	
  0.030508	  0.079661	  0.071186	  0.818644	
  0.100000	  0.008475	  0.820339	  0.071186	
  0.005085	  0.000000	  0.989831	  0.005085	
  0.006780	  0.000000	  0.993220	  0.000000	
  0.477966	  0.016949	  0.430508	  0.074576	
  0.040678	  0.881356	  0.006780	  0.071186	
  0.000000	  1.000000	  0.000000	  0.000000	
  0.001695	  0.971186	  0.001695	  0.025424	
  0.920339	  0.000000	  0.079661	  0.000000	
  0.027119	  0.733898	  0.071186	  0.167797	

