MEME version 4.4

ALPHABET= ACGT

strands: + -

Background letter frequencies (from /mnt/thumper-e1/home/shhuang/projects/dap/analysis.v4/gem07_rep_memechip03/AP2EREBP_tnt/AT1G71450_colamp_a/background):
A 0.25400 C 0.24600 G 0.24600 T 0.25400 

MOTIF AP2EREBP_tnt.AT1G71450_colamp_a_m1 MEME

letter-probability matrix: alength= 4 w= 13 nsites= 557 E= 3.0e-439
  0.175943	  0.364452	  0.152603	  0.307002	
  0.213645	  0.508079	  0.046679	  0.231598	
  0.298025	  0.125673	  0.276481	  0.299820	
  0.149013	  0.369838	  0.125673	  0.355476	
  0.077199	  0.791741	  0.000000	  0.131059	
  0.614004	  0.000000	  0.294434	  0.091562	
  0.000000	  1.000000	  0.000000	  0.000000	
  0.000000	  1.000000	  0.000000	  0.000000	
  0.032316	  0.000000	  0.967684	  0.000000	
  0.323160	  0.217235	  0.019749	  0.439856	
  0.003591	  0.942549	  0.000000	  0.053860	
  0.513465	  0.048474	  0.274686	  0.163375	
  0.271095	  0.342908	  0.073609	  0.312388	

