MEME version 4.4

ALPHABET= ACGT

strands: + -

Background letter frequencies (from /mnt/thumper-e1/home/shhuang/projects/dap/analysis.v4/gem07_rep_memechip03/NAC_tnt/ANAC038_col_a/background):
A 0.30100 C 0.19900 G 0.19900 T 0.30100 

MOTIF NAC_tnt.ANAC038_col_a_m1 MEME

letter-probability matrix: alength= 4 w= 18 nsites= 600 E= 7.4e-1079
  0.080000	  0.005000	  0.005000	  0.910000	
  0.361667	  0.006667	  0.141667	  0.490000	
  0.561667	  0.020000	  0.300000	  0.118333	
  0.038333	  0.956667	  0.005000	  0.000000	
  0.001667	  0.000000	  0.596667	  0.401667	
  0.000000	  0.000000	  0.000000	  1.000000	
  0.135000	  0.045000	  0.820000	  0.000000	
  0.153333	  0.165000	  0.040000	  0.641667	
  0.291667	  0.110000	  0.315000	  0.283333	
  0.238333	  0.150000	  0.333333	  0.278333	
  0.270000	  0.241667	  0.226667	  0.261667	
  0.570000	  0.060000	  0.153333	  0.216667	
  0.046667	  0.646667	  0.121667	  0.185000	
  0.908333	  0.003333	  0.021667	  0.066667	
  0.571667	  0.360000	  0.058333	  0.010000	
  0.041667	  0.001667	  0.920000	  0.036667	
  0.283333	  0.185000	  0.128333	  0.403333	
  0.486667	  0.178333	  0.026667	  0.308333	

