MEME version 4.4

ALPHABET= ACGT

strands: + -

Background letter frequencies (from /mnt/thumper-e1/home/shhuang/projects/dap/analysis.v4/gem07_rep_memechip03/NAC_tnt/VND4_colamp_a/background):
A 0.31500 C 0.18500 G 0.18500 T 0.31500 

MOTIF NAC_tnt.VND4_colamp_a_m1 MEME

letter-probability matrix: alength= 4 w= 16 nsites= 597 E= 7.4e-1098
  0.075377	  0.924623	  0.000000	  0.000000	
  0.000000	  0.000000	  0.700168	  0.299832	
  0.000000	  0.000000	  0.000000	  1.000000	
  0.534338	  0.041876	  0.423786	  0.000000	
  0.457286	  0.167504	  0.159129	  0.216080	
  0.457286	  0.154104	  0.236181	  0.152429	
  0.365159	  0.162479	  0.227806	  0.244556	
  0.365159	  0.201005	  0.092127	  0.341709	
  0.405360	  0.092127	  0.159129	  0.343384	
  0.060302	  0.544389	  0.182580	  0.212730	
  0.996650	  0.003350	  0.000000	  0.000000	
  0.680067	  0.319933	  0.000000	  0.000000	
  0.000000	  0.000000	  0.963149	  0.036851	
  0.105528	  0.621441	  0.056951	  0.216080	
  0.725293	  0.092127	  0.015075	  0.167504	
  0.911223	  0.000000	  0.000000	  0.088777	

