MEME version 4.4

ALPHABET= ACGT

strands: + -

Background letter frequencies (from /mnt/thumper-e1/home/shhuang/projects/dap/analysis.v4/gem07_rep_memechip03/bHLH_tnt/BIM1_col_a/background):
A 0.28800 C 0.21200 G 0.21200 T 0.28800 

MOTIF bHLH_tnt.BIM1_col_a_m1 MEME

letter-probability matrix: alength= 4 w= 14 nsites= 566 E= 1.9e-1141
  0.000000	  1.000000	  0.000000	  0.000000	
  1.000000	  0.000000	  0.000000	  0.000000	
  0.000000	  1.000000	  0.000000	  0.000000	
  0.005300	  0.000000	  0.994700	  0.000000	
  0.000000	  0.000000	  0.000000	  1.000000	
  0.000000	  0.000000	  1.000000	  0.000000	
  0.720848	  0.213781	  0.015901	  0.049470	
  0.005300	  0.655477	  0.118375	  0.220848	
  0.319788	  0.229682	  0.136042	  0.314488	
  0.231449	  0.289753	  0.102473	  0.376325	
  0.210247	  0.305654	  0.194346	  0.289753	
  0.157244	  0.468198	  0.125442	  0.249117	
  0.424028	  0.266784	  0.155477	  0.153710	
  0.212014	  0.439929	  0.109541	  0.238516	

