MEME version 4.4

ALPHABET= ACGT

strands: + -

Background letter frequencies (from /mnt/thumper-e1/home/shhuang/projects/dap/analysis.v4/gem07_rep_memechip03/bZIP_tnt/bZIP44_colamp_a/background):
A 0.30000 C 0.20000 G 0.20000 T 0.30000 

MOTIF bZIP_tnt.bZIP44_colamp_a_m1 MEME

letter-probability matrix: alength= 4 w= 13 nsites= 541 E= 6.9e-1687
  0.410351	  0.121996	  0.166359	  0.301294	
  0.264325	  0.062847	  0.103512	  0.569316	
  0.046211	  0.005545	  0.818854	  0.129390	
  0.292052	  0.604436	  0.099815	  0.003697	
  0.000000	  0.057301	  0.000000	  0.942699	
  0.000000	  0.011091	  0.900185	  0.088725	
  1.000000	  0.000000	  0.000000	  0.000000	
  0.000000	  0.981516	  0.000000	  0.018484	
  0.005545	  0.001848	  0.992606	  0.000000	
  0.005545	  0.000000	  0.000000	  0.994455	
  0.000000	  0.000000	  1.000000	  0.000000	
  0.001848	  0.000000	  0.796673	  0.201479	
  0.208872	  0.778189	  0.003697	  0.009242	

