MEME version 4.4

ALPHABET= ACGT

strands: + -

Background letter frequencies (from /mnt/thumper-e1/home/shhuang/projects/dap/analysis.v4/gem07_rep_memechip03/Trihelix_tnt/GT1_col_a/background):
A 0.32700 C 0.17300 G 0.17300 T 0.32700 

MOTIF Trihelix_tnt.GT1_col_a_m1 MEME

letter-probability matrix: alength= 4 w= 19 nsites= 437 E= 2.0e-676
  0.459954	  0.256293	  0.112128	  0.171625	
  0.345538	  0.265446	  0.141876	  0.247140	
  0.036613	  0.375286	  0.123570	  0.464531	
  0.107551	  0.041190	  0.009153	  0.842105	
  0.949657	  0.006865	  0.018307	  0.025172	
  0.990847	  0.000000	  0.000000	  0.009153	
  0.002288	  0.986270	  0.000000	  0.011442	
  0.000000	  0.732265	  0.000000	  0.267735	
  0.585812	  0.084668	  0.265446	  0.064073	
  0.057208	  0.167048	  0.089245	  0.686499	
  0.402746	  0.006865	  0.590389	  0.000000	
  0.205950	  0.043478	  0.686499	  0.064073	
  0.025172	  0.128146	  0.018307	  0.828375	
  0.050343	  0.199085	  0.000000	  0.750572	
  0.640732	  0.068650	  0.155606	  0.135011	
  0.656751	  0.043478	  0.116705	  0.183066	
  0.439359	  0.178490	  0.203661	  0.178490	
  0.423341	  0.187643	  0.057208	  0.331808	
  0.192220	  0.336384	  0.125858	  0.345538	

