MEME version 4.4

ALPHABET= ACGT

strands: + -

Background letter frequencies (from /mnt/thumper-e1/home/shhuang/projects/dap/analysis.v4/gem07_rep_memechip03/MYB_tnt/MYB55_colamp_a/background):
A 0.30000 C 0.20000 G 0.20000 T 0.30000 

MOTIF MYB_tnt.MYB55_colamp_a_m1 MEME

letter-probability matrix: alength= 4 w= 15 nsites= 598 E= 2.9e-802
  0.252508	  0.204013	  0.068562	  0.474916	
  0.110368	  0.000000	  0.889632	  0.000000	
  0.003344	  0.000000	  0.745819	  0.250836	
  0.000000	  0.000000	  0.000000	  1.000000	
  0.446488	  0.000000	  0.086957	  0.466555	
  0.000000	  0.000000	  1.000000	  0.000000	
  0.000000	  0.000000	  0.730769	  0.269231	
  0.001672	  0.000000	  0.000000	  0.998328	
  0.423077	  0.003344	  0.558528	  0.015050	
  0.260870	  0.175585	  0.446488	  0.117057	
  0.428094	  0.112040	  0.324415	  0.135452	
  0.265886	  0.155518	  0.297659	  0.280936	
  0.272575	  0.227425	  0.187291	  0.312709	
  0.306020	  0.133779	  0.230769	  0.329431	
  0.311037	  0.110368	  0.289298	  0.289298	

