MEME version 4.4

ALPHABET= ACGT

strands: + -

Background letter frequencies (from /mnt/thumper-e1/home/shhuang/projects/dap/analysis.v4/gem07_rep_memechip03/AP2EREBP_tnt/ERF6_col/background):
A 0.24500 C 0.25500 G 0.25500 T 0.24500 

MOTIF AP2EREBP_tnt.ERF6_col_m1 MEME

letter-probability matrix: alength= 4 w= 21 nsites= 513 E= 1.8e-1330
  0.163743	  0.520468	  0.138402	  0.177388	
  0.191033	  0.475634	  0.101365	  0.231969	
  0.265107	  0.146199	  0.306043	  0.282651	
  0.134503	  0.497076	  0.105263	  0.263158	
  0.185185	  0.617934	  0.029240	  0.167641	
  0.196881	  0.083821	  0.374269	  0.345029	
  0.021442	  0.715400	  0.163743	  0.099415	
  0.076023	  0.918129	  0.005848	  0.000000	
  0.009747	  0.000000	  0.988304	  0.001949	
  0.000000	  0.998051	  0.001949	  0.000000	
  0.000000	  1.000000	  0.000000	  0.000000	
  0.011696	  0.000000	  0.988304	  0.000000	
  0.000000	  0.968811	  0.000000	  0.031189	
  0.000000	  1.000000	  0.000000	  0.000000	
  0.409357	  0.003899	  0.497076	  0.089669	
  0.095517	  0.543860	  0.095517	  0.265107	
  0.251462	  0.417154	  0.083821	  0.247563	
  0.389864	  0.068226	  0.296296	  0.245614	
  0.181287	  0.467836	  0.120858	  0.230019	
  0.251462	  0.434698	  0.083821	  0.230019	
  0.243665	  0.152047	  0.358674	  0.245614	

