MEME version 4.4

ALPHABET= ACGT

strands: + -

Background letter frequencies (from /mnt/thumper-e1/home/shhuang/projects/dap/analysis.v4/gem07_rep_memechip03/WRKY_tnt/WRKY26_col_a/background):
A 0.31600 C 0.18400 G 0.18400 T 0.31600 

MOTIF WRKY_tnt.WRKY26_col_a_m1 MEME

letter-probability matrix: alength= 4 w= 13 nsites= 84 E= 1.5e-140
  0.630952	  0.190476	  0.107143	  0.071429	
  0.654762	  0.083333	  0.059524	  0.202381	
  0.666667	  0.130952	  0.035714	  0.166667	
  0.845238	  0.000000	  0.154762	  0.000000	
  0.000000	  0.000000	  1.000000	  0.000000	
  0.000000	  0.023810	  0.011905	  0.964286	
  0.000000	  1.000000	  0.000000	  0.000000	
  1.000000	  0.000000	  0.000000	  0.000000	
  1.000000	  0.000000	  0.000000	  0.000000	
  0.154762	  0.845238	  0.000000	  0.000000	
  0.178571	  0.059524	  0.702381	  0.059524	
  0.250000	  0.261905	  0.285714	  0.202381	
  0.214286	  0.261905	  0.059524	  0.464286	

