MEME version 4.4

ALPHABET= ACGT

strands: + -

Background letter frequencies (from /mnt/thumper-e1/home/shhuang/projects/dap/analysis.v4/gem07_rep_memechip03/AP2EREBP_tnt/At4g16750_col_a/background):
A 0.24200 C 0.25800 G 0.25800 T 0.24200 

MOTIF AP2EREBP_tnt.At4g16750_col_a_m1 MEME

letter-probability matrix: alength= 4 w= 15 nsites= 600 E= 8.3e-791
  0.203333	  0.461667	  0.120000	  0.215000	
  0.310000	  0.161667	  0.276667	  0.251667	
  0.188333	  0.376667	  0.151667	  0.283333	
  0.170000	  0.543333	  0.068333	  0.218333	
  0.268333	  0.105000	  0.320000	  0.306667	
  0.110000	  0.501667	  0.078333	  0.310000	
  0.050000	  0.823333	  0.033333	  0.093333	
  0.610000	  0.000000	  0.378333	  0.011667	
  0.000000	  0.988333	  0.006667	  0.005000	
  0.000000	  1.000000	  0.000000	  0.000000	
  0.016667	  0.000000	  0.983333	  0.000000	
  0.675000	  0.183333	  0.001667	  0.140000	
  0.000000	  0.998333	  0.000000	  0.001667	
  0.641667	  0.023333	  0.266667	  0.068333	
  0.295000	  0.350000	  0.131667	  0.223333	

