MEME version 4.4

ALPHABET= ACGT

strands: + -

Background letter frequencies (from /mnt/thumper-e1/home/shhuang/projects/dap/analysis.v4/gem07_rep_memechip03/MADS_tnt/AGL25_colamp_a/background):
A 0.33700 C 0.16300 G 0.16300 T 0.33700 

MOTIF MADS_tnt.AGL25_colamp_a_m1 MEME

letter-probability matrix: alength= 4 w= 15 nsites= 456 E= 5.7e-836
  0.127193	  0.541667	  0.214912	  0.116228	
  0.021930	  0.024123	  0.015351	  0.938596	
  0.026316	  0.000000	  0.008772	  0.964912	
  0.063596	  0.000000	  0.032895	  0.903509	
  0.013158	  0.975877	  0.000000	  0.010965	
  0.024123	  0.763158	  0.024123	  0.188596	
  0.475877	  0.081140	  0.032895	  0.410088	
  0.111842	  0.061404	  0.061404	  0.765351	
  0.206140	  0.013158	  0.063596	  0.717105	
  0.050439	  0.008772	  0.004386	  0.936404	
  0.190789	  0.065789	  0.043860	  0.699561	
  0.182018	  0.085526	  0.160088	  0.572368	
  0.256579	  0.008772	  0.708333	  0.026316	
  0.061404	  0.010965	  0.815789	  0.111842	
  0.614035	  0.138158	  0.046053	  0.201754	

