MEME version 4.4

ALPHABET= ACGT

strands: + -

Background letter frequencies (from /mnt/thumper-e1/home/shhuang/projects/dap/analysis.v4/gem07_rep_memechip03/AP2EREBP_tnt/At1g36060_col_a/background):
A 0.25900 C 0.24100 G 0.24100 T 0.25900 

MOTIF AP2EREBP_tnt.At1g36060_col_a_m1 MEME

letter-probability matrix: alength= 4 w= 14 nsites= 598 E= 1.5e-951
  0.387960	  0.035117	  0.242475	  0.334448	
  0.220736	  0.061873	  0.222408	  0.494983	
  0.083612	  0.075251	  0.463211	  0.377926	
  0.000000	  0.000000	  1.000000	  0.000000	
  0.195652	  0.031773	  0.285953	  0.486622	
  0.000000	  1.000000	  0.000000	  0.000000	
  0.000000	  0.000000	  1.000000	  0.000000	
  0.000000	  0.000000	  0.998328	  0.001672	
  0.000000	  0.232441	  0.000000	  0.767559	
  0.013378	  0.030100	  0.894649	  0.061873	
  0.185619	  0.117057	  0.632107	  0.065217	
  0.331104	  0.285953	  0.105351	  0.277592	
  0.183946	  0.090301	  0.533445	  0.192308	
  0.302676	  0.130435	  0.411371	  0.155518	

