MEME version 4.4

ALPHABET= ACGT

strands: + -

Background letter frequencies (from /mnt/thumper-e1/home/shhuang/projects/dap/analysis.v4/gem07_rep_memechip03/MYBrelated_tnt/AT4G12670_colamp_a/background):
A 0.31400 C 0.18600 G 0.18600 T 0.31400 

MOTIF MYBrelated_tnt.AT4G12670_colamp_a_m1 MEME

letter-probability matrix: alength= 4 w= 21 nsites= 62 E= 2.8e-350
  0.338710	  0.645161	  0.000000	  0.016129	
  0.000000	  0.983871	  0.016129	  0.000000	
  0.000000	  0.000000	  0.000000	  1.000000	
  0.725806	  0.241935	  0.000000	  0.032258	
  1.000000	  0.000000	  0.000000	  0.000000	
  0.983871	  0.000000	  0.016129	  0.000000	
  0.000000	  0.693548	  0.016129	  0.290323	
  0.016129	  0.935484	  0.016129	  0.032258	
  0.338710	  0.645161	  0.016129	  0.000000	
  0.000000	  0.000000	  0.000000	  1.000000	
  0.935484	  0.000000	  0.032258	  0.032258	
  0.693548	  0.290323	  0.016129	  0.000000	
  0.983871	  0.000000	  0.000000	  0.016129	
  0.000000	  1.000000	  0.000000	  0.000000	
  0.274194	  0.677419	  0.000000	  0.048387	
  0.000000	  0.741935	  0.000000	  0.258065	
  0.000000	  0.000000	  0.274194	  0.725806	
  0.983871	  0.000000	  0.000000	  0.016129	
  0.709677	  0.241935	  0.032258	  0.016129	
  0.983871	  0.000000	  0.016129	  0.000000	
  0.048387	  0.661290	  0.000000	  0.290323	

