MEME version 4.4

ALPHABET= ACGT

strands: + -

Background letter frequencies (from /mnt/thumper-e1/home/shhuang/projects/dap/analysis.v4/gem07_rep_memechip03/AP2EREBP_tnt/RAP211_col_a/background):
A 0.24200 C 0.25800 G 0.25800 T 0.24200 

MOTIF AP2EREBP_tnt.RAP211_col_a_m1 MEME

letter-probability matrix: alength= 4 w= 15 nsites= 588 E= 3.3e-688
  0.180272	  0.459184	  0.187075	  0.173469	
  0.180272	  0.401361	  0.127551	  0.290816	
  0.222789	  0.139456	  0.360544	  0.277211	
  0.117347	  0.421769	  0.066327	  0.394558	
  0.146259	  0.581633	  0.069728	  0.202381	
  0.277211	  0.071429	  0.374150	  0.277211	
  0.025510	  0.549320	  0.071429	  0.353741	
  0.103741	  0.634354	  0.120748	  0.141156	
  0.042517	  0.000000	  0.916667	  0.040816	
  0.000000	  1.000000	  0.000000	  0.000000	
  0.000000	  1.000000	  0.000000	  0.000000	
  0.000000	  0.000000	  1.000000	  0.000000	
  0.000000	  0.190476	  0.559524	  0.250000	
  0.000000	  0.952381	  0.000000	  0.047619	
  0.173469	  0.224490	  0.328231	  0.273810	

