MEME version 4.4

ALPHABET= ACGT

strands: + -

Background letter frequencies (from /mnt/thumper-e1/home/shhuang/projects/dap/analysis.v4/gem07_rep_memechip03/LOBAS2_tnt/LBD19_col_a/background):
A 0.27900 C 0.22100 G 0.22100 T 0.27900 

MOTIF LOBAS2_tnt.LBD19_col_a_m1 MEME

letter-probability matrix: alength= 4 w= 15 nsites= 600 E= 5.1e-946
  0.025000	  0.745000	  0.215000	  0.015000	
  0.018333	  0.976667	  0.005000	  0.000000	
  0.113333	  0.078333	  0.626667	  0.181667	
  0.075000	  0.116667	  0.630000	  0.178333	
  0.723333	  0.005000	  0.215000	  0.056667	
  0.791667	  0.000000	  0.131667	  0.076667	
  0.903333	  0.008333	  0.043333	  0.045000	
  0.666667	  0.028333	  0.018333	  0.286667	
  0.143333	  0.231667	  0.071667	  0.553333	
  0.175000	  0.658333	  0.115000	  0.051667	
  0.178333	  0.626667	  0.043333	  0.151667	
  0.000000	  0.000000	  0.991667	  0.008333	
  0.011667	  0.233333	  0.716667	  0.038333	
  0.461667	  0.205000	  0.155000	  0.178333	
  0.348333	  0.066667	  0.376667	  0.208333	

