MEME version 4.4

ALPHABET= ACGT

strands: + -

Background letter frequencies (from /mnt/thumper-e1/home/shhuang/projects/dap/analysis.v4/gem07_rep_memechip03/ABI3VP1_tnt/AT5G60130_col_a/background):
A 0.34300 C 0.15700 G 0.15700 T 0.34300 

MOTIF ABI3VP1_tnt.AT5G60130_col_a_m1 MEME

letter-probability matrix: alength= 4 w= 19 nsites= 600 E= 4.9e-949
  0.701667	  0.051667	  0.138333	  0.108333	
  0.773333	  0.030000	  0.095000	  0.101667	
  0.035000	  0.020000	  0.896667	  0.048333	
  0.201667	  0.460000	  0.213333	  0.125000	
  0.886667	  0.031667	  0.055000	  0.026667	
  0.850000	  0.001667	  0.040000	  0.108333	
  0.788333	  0.000000	  0.015000	  0.196667	
  0.626667	  0.036667	  0.043333	  0.293333	
  0.361667	  0.195000	  0.136667	  0.306667	
  0.368333	  0.265000	  0.120000	  0.246667	
  0.248333	  0.133333	  0.145000	  0.473333	
  0.730000	  0.036667	  0.140000	  0.093333	
  0.835000	  0.010000	  0.040000	  0.115000	
  0.021667	  0.000000	  0.938333	  0.040000	
  0.190000	  0.440000	  0.258333	  0.111667	
  0.900000	  0.040000	  0.018333	  0.041667	
  0.861667	  0.025000	  0.041667	  0.071667	
  0.795000	  0.030000	  0.018333	  0.156667	
  0.643333	  0.040000	  0.043333	  0.273333	

