MEME version 4.4

ALPHABET= ACGT

strands: + -

Background letter frequencies (from /mnt/thumper-e1/home/shhuang/projects/dap/analysis.v4/gem07_rep_memechip03/LOBAS2_tnt/AS2_col_a/background):
A 0.25300 C 0.24700 G 0.24700 T 0.25300 

MOTIF LOBAS2_tnt.AS2_col_a_m1 MEME

letter-probability matrix: alength= 4 w= 21 nsites= 439 E= 2.2e-907
  0.173121	  0.343964	  0.125285	  0.357631	
  0.223235	  0.503417	  0.059226	  0.214123	
  0.207289	  0.107062	  0.280182	  0.405467	
  0.102506	  0.619590	  0.041002	  0.236902	
  0.075171	  0.824601	  0.022779	  0.077449	
  0.116173	  0.031891	  0.626424	  0.225513	
  0.004556	  0.847380	  0.148064	  0.000000	
  0.004556	  0.986333	  0.004556	  0.004556	
  0.063781	  0.000000	  0.813212	  0.123007	
  0.066059	  0.530752	  0.116173	  0.287016	
  0.289294	  0.371298	  0.118451	  0.220957	
  0.321185	  0.036446	  0.232346	  0.410023	
  0.166287	  0.353075	  0.050114	  0.430524	
  0.161731	  0.437358	  0.022779	  0.378132	
  0.148064	  0.125285	  0.250569	  0.476082	
  0.123007	  0.678815	  0.041002	  0.157175	
  0.052392	  0.927107	  0.000000	  0.020501	
  0.011390	  0.002278	  0.936219	  0.050114	
  0.006834	  0.653759	  0.302961	  0.036446	
  0.077449	  0.797267	  0.036446	  0.088838	
  0.173121	  0.018223	  0.726651	  0.082005	

