MEME version 4.4

ALPHABET= ACGT

strands: + -

Background letter frequencies (from /mnt/thumper-e1/home/shhuang/projects/dap/analysis.v4/gem07_rep_memechip03/AP2EREBP_tnt/At1g36060_colamp_a/background):
A 0.26400 C 0.23600 G 0.23600 T 0.26400 

MOTIF AP2EREBP_tnt.At1g36060_colamp_a_m1 MEME

letter-probability matrix: alength= 4 w= 14 nsites= 600 E= 2.4e-887
  0.176667	  0.388333	  0.140000	  0.295000	
  0.226667	  0.485000	  0.048333	  0.240000	
  0.248333	  0.101667	  0.286667	  0.363333	
  0.123333	  0.538333	  0.121667	  0.216667	
  0.096667	  0.845000	  0.031667	  0.026667	
  0.751667	  0.001667	  0.246667	  0.000000	
  0.005000	  0.993333	  0.000000	  0.001667	
  0.001667	  0.996667	  0.001667	  0.000000	
  0.000000	  0.001667	  0.995000	  0.003333	
  0.486667	  0.210000	  0.033333	  0.270000	
  0.010000	  0.988333	  0.000000	  0.001667	
  0.380000	  0.510000	  0.030000	  0.080000	
  0.525000	  0.183333	  0.038333	  0.253333	
  0.306667	  0.220000	  0.043333	  0.430000	

