MEME version 4.4

ALPHABET= ACGT

strands: + -

Background letter frequencies (from /mnt/thumper-e1/home/shhuang/projects/dap/analysis.v4/gem07_rep_memechip03/C3H_tnt/At1g74370_col_a/background):
A 0.31900 C 0.18100 G 0.18100 T 0.31900 

MOTIF C3H_tnt.At1g74370_col_a_m1 MEME

letter-probability matrix: alength= 4 w= 20 nsites= 69 E= 1.2e-039
  0.362319	  0.057971	  0.507246	  0.072464	
  0.521739	  0.043478	  0.130435	  0.304348	
  0.260870	  0.086957	  0.115942	  0.536232	
  0.579710	  0.086957	  0.159420	  0.173913	
  0.304348	  0.057971	  0.434783	  0.202899	
  0.333333	  0.028986	  0.289855	  0.347826	
  0.289855	  0.231884	  0.304348	  0.173913	
  0.347826	  0.028986	  0.130435	  0.492754	
  0.420290	  0.043478	  0.057971	  0.478261	
  0.478261	  0.086957	  0.144928	  0.289855	
  0.405797	  0.130435	  0.101449	  0.362319	
  0.289855	  0.000000	  0.695652	  0.014493	
  0.014493	  0.000000	  0.985507	  0.000000	
  0.913043	  0.014493	  0.000000	  0.072464	
  0.000000	  0.000000	  0.072464	  0.927536	
  0.884058	  0.000000	  0.000000	  0.115942	
  0.898551	  0.101449	  0.000000	  0.000000	
  0.159420	  0.072464	  0.623188	  0.144928	
  0.550725	  0.115942	  0.318841	  0.014493	
  0.420290	  0.115942	  0.014493	  0.449275	

