MEME version 4.4

ALPHABET= ACGT

strands: + -

Background letter frequencies (from /mnt/thumper-e1/home/shhuang/projects/dap/analysis.v4/gem07_rep_memechip03/HB_tnt/LMI1_col_a/background):
A 0.35300 C 0.14700 G 0.14700 T 0.35300 

MOTIF HB_tnt.LMI1_col_a_m1 MEME

letter-probability matrix: alength= 4 w= 13 nsites= 600 E= 3.0e-883
  0.230000	  0.313333	  0.083333	  0.373333	
  0.156667	  0.046667	  0.078333	  0.718333	
  0.085000	  0.673333	  0.120000	  0.121667	
  0.816667	  0.116667	  0.008333	  0.058333	
  0.995000	  0.001667	  0.000000	  0.003333	
  0.001667	  0.000000	  0.000000	  0.998333	
  0.026667	  0.003333	  0.000000	  0.970000	
  0.996667	  0.000000	  0.003333	  0.000000	
  0.001667	  0.000000	  0.001667	  0.996667	
  0.000000	  0.000000	  0.000000	  1.000000	
  0.120000	  0.001667	  0.768333	  0.110000	
  0.260000	  0.163333	  0.300000	  0.276667	
  0.231667	  0.161667	  0.061667	  0.545000	

