MEME version 4.4

ALPHABET= ACGT

strands: + -

Background letter frequencies (from /mnt/thumper-e1/home/shhuang/projects/dap/analysis.v4/gem07_rep_memechip03/MYB_tnt/MYB13_col_a/background):
A 0.30100 C 0.19900 G 0.19900 T 0.30100 

MOTIF MYB_tnt.MYB13_col_a_m1 MEME

letter-probability matrix: alength= 4 w= 15 nsites= 595 E= 8.9e-1058
  0.297479	  0.117647	  0.329412	  0.255462	
  0.297479	  0.157983	  0.233613	  0.310924	
  0.314286	  0.110924	  0.277311	  0.297479	
  0.319328	  0.070588	  0.321008	  0.289076	
  0.154622	  0.114286	  0.263866	  0.467227	
  0.161345	  0.000000	  0.838655	  0.000000	
  0.001681	  0.000000	  0.798319	  0.200000	
  0.000000	  0.000000	  0.000000	  1.000000	
  0.431933	  0.000000	  0.010084	  0.557983	
  0.000000	  0.000000	  1.000000	  0.000000	
  0.000000	  0.000000	  0.917647	  0.082353	
  0.000000	  0.000000	  0.006723	  0.993277	
  0.200000	  0.011765	  0.784874	  0.003361	
  0.438655	  0.050420	  0.438655	  0.072269	
  0.436975	  0.115966	  0.310924	  0.136134	

