MEME version 4.4

ALPHABET= ACGT

strands: + -

Background letter frequencies (from /mnt/thumper-e1/home/shhuang/projects/dap/analysis.v4/gem07_rep_memechip03/MYBrelated_tnt/AT3G10580_col_a/background):
A 0.32500 C 0.17500 G 0.17500 T 0.32500 

MOTIF MYBrelated_tnt.AT3G10580_col_a_m1 MEME

letter-probability matrix: alength= 4 w= 15 nsites= 140 E= 1.1e-121
  0.457143	  0.100000	  0.235714	  0.207143	
  0.435714	  0.014286	  0.221429	  0.328571	
  0.435714	  0.028571	  0.014286	  0.521429	
  0.307143	  0.100000	  0.214286	  0.378571	
  0.464286	  0.085714	  0.078571	  0.371429	
  0.342857	  0.035714	  0.542857	  0.078571	
  0.000000	  0.000000	  0.942857	  0.057143	
  0.992857	  0.007143	  0.000000	  0.000000	
  0.028571	  0.000000	  0.000000	  0.971429	
  0.978571	  0.000000	  0.000000	  0.021429	
  0.985714	  0.000000	  0.007143	  0.007143	
  0.121429	  0.042857	  0.692857	  0.142857	
  0.292857	  0.264286	  0.378571	  0.064286	
  0.450000	  0.000000	  0.000000	  0.550000	
  0.085714	  0.157143	  0.085714	  0.671429	

