MEME version 4.4

ALPHABET= ACGT

strands: + -

Background letter frequencies (from /mnt/thumper-e1/home/shhuang/projects/dap/analysis.v4/gem07_rep_memechip03/RAV_tnt/RAV1_col/background):
A 0.31800 C 0.18200 G 0.18200 T 0.31800 

MOTIF RAV_tnt.RAV1_col_m1 MEME

letter-probability matrix: alength= 4 w= 17 nsites= 590 E= 9.7e-765
  0.342373	  0.464407	  0.155932	  0.037288	
  0.466102	  0.000000	  0.186441	  0.347458	
  0.166102	  0.177966	  0.484746	  0.171186	
  0.486441	  0.042373	  0.330508	  0.140678	
  0.118644	  0.071186	  0.123729	  0.686441	
  0.384746	  0.030508	  0.323729	  0.261017	
  0.386441	  0.076271	  0.186441	  0.350847	
  0.266102	  0.057627	  0.050847	  0.625424	
  0.167797	  0.159322	  0.018644	  0.654237	
  0.137288	  0.037288	  0.032203	  0.793220	
  0.189831	  0.469492	  0.040678	  0.300000	
  0.000000	  0.013559	  0.000000	  0.986441	
  0.000000	  0.000000	  1.000000	  0.000000	
  0.018644	  0.045763	  0.008475	  0.927119	
  0.013559	  0.018644	  0.054237	  0.913559	
  0.015254	  0.013559	  0.861017	  0.110169	
  0.123729	  0.269492	  0.272881	  0.333898	

