MEME version 4.4

ALPHABET= ACGT

strands: + -

Background letter frequencies (from /mnt/thumper-e1/home/shhuang/projects/dap/analysis.v4/gem07_rep_memechip03/GRF_tnt/AtGRF6_col_a/background):
A 0.29900 C 0.20100 G 0.20100 T 0.29900 

MOTIF GRF_tnt.AtGRF6_col_a_m1 MEME

letter-probability matrix: alength= 4 w= 14 nsites= 596 E= 1.2e-864
  0.233221	  0.258389	  0.273490	  0.234899	
  0.295302	  0.186242	  0.224832	  0.293624	
  0.362416	  0.130872	  0.266779	  0.239933	
  0.394295	  0.154362	  0.231544	  0.219799	
  0.382550	  0.196309	  0.157718	  0.263423	
  0.251678	  0.196309	  0.124161	  0.427852	
  0.177852	  0.125839	  0.421141	  0.275168	
  0.005034	  0.186242	  0.000000	  0.808725	
  0.003356	  0.001678	  0.994966	  0.000000	
  0.003356	  0.000000	  0.003356	  0.993289	
  0.001678	  0.998322	  0.000000	  0.000000	
  0.998322	  0.000000	  0.000000	  0.001678	
  0.000000	  0.000000	  0.998322	  0.001678	
  0.803691	  0.001678	  0.080537	  0.114094	

