MEME version 4.4

ALPHABET= ACGT

strands: + -

Background letter frequencies (from /mnt/thumper-e1/home/shhuang/projects/dap/analysis.v4/gem07_rep_memechip03/LOBAS2_tnt/LBD2_colamp_a/background):
A 0.28600 C 0.21400 G 0.21400 T 0.28600 

MOTIF LOBAS2_tnt.LBD2_colamp_a_m1 MEME

letter-probability matrix: alength= 4 w= 15 nsites= 600 E= 6.8e-1141
  0.056667	  0.650000	  0.271667	  0.021667	
  0.005000	  0.995000	  0.000000	  0.000000	
  0.006667	  0.000000	  0.928333	  0.065000	
  0.853333	  0.011667	  0.078333	  0.056667	
  0.473333	  0.151667	  0.165000	  0.210000	
  0.796667	  0.028333	  0.111667	  0.063333	
  0.878333	  0.006667	  0.040000	  0.075000	
  0.518333	  0.061667	  0.071667	  0.348333	
  0.381667	  0.135000	  0.183333	  0.300000	
  0.125000	  0.128333	  0.078333	  0.668333	
  0.096667	  0.896667	  0.003333	  0.003333	
  0.000000	  0.000000	  0.988333	  0.011667	
  0.011667	  0.183333	  0.760000	  0.045000	
  0.551667	  0.096667	  0.148333	  0.203333	
  0.288333	  0.128333	  0.370000	  0.213333	

