MEME version 4.4

ALPHABET= ACGT

strands: + -

Background letter frequencies (from /mnt/thumper-e1/home/shhuang/projects/dap/analysis.v4/gem07_rep_memechip03/bZIP_tnt/GBF3_col/background):
A 0.29700 C 0.20300 G 0.20300 T 0.29700 

MOTIF bZIP_tnt.GBF3_col_m1 MEME

letter-probability matrix: alength= 4 w= 15 nsites= 596 E= 5.6e-1712
  0.060403	  0.154362	  0.065436	  0.719799	
  0.003356	  0.001678	  0.892617	  0.102349	
  0.140940	  0.859060	  0.000000	  0.000000	
  0.000000	  1.000000	  0.000000	  0.000000	
  1.000000	  0.000000	  0.000000	  0.000000	
  0.000000	  0.994966	  0.005034	  0.000000	
  0.005034	  0.003356	  0.991611	  0.000000	
  0.000000	  0.000000	  0.000000	  1.000000	
  0.083893	  0.627517	  0.285235	  0.003356	
  0.657718	  0.000000	  0.224832	  0.117450	
  0.060403	  0.278523	  0.421141	  0.239933	
  0.270134	  0.661074	  0.020134	  0.048658	
  0.510067	  0.120805	  0.065436	  0.303691	
  0.313758	  0.191275	  0.112416	  0.382550	
  0.283557	  0.283557	  0.090604	  0.342282	

