MEME version 4.4

ALPHABET= ACGT

strands: + -

Background letter frequencies (from /mnt/thumper-e1/home/shhuang/projects/dap/analysis.v4/gem07_rep_memechip03/MADS_tnt/AGL16_colamp_a/background):
A 0.31900 C 0.18100 G 0.18100 T 0.31900 

MOTIF MADS_tnt.AGL16_colamp_a_m1 MEME

letter-probability matrix: alength= 4 w= 21 nsites= 105 E= 2.1e-275
  0.142857	  0.561905	  0.228571	  0.066667	
  0.019048	  0.009524	  0.019048	  0.952381	
  0.000000	  0.000000	  0.000000	  1.000000	
  0.066667	  0.019048	  0.057143	  0.857143	
  0.000000	  1.000000	  0.000000	  0.000000	
  0.000000	  0.885714	  0.000000	  0.114286	
  0.238095	  0.219048	  0.019048	  0.523810	
  0.190476	  0.123810	  0.047619	  0.638095	
  0.304762	  0.000000	  0.000000	  0.695238	
  0.009524	  0.009524	  0.000000	  0.980952	
  0.161905	  0.142857	  0.066667	  0.628571	
  0.276190	  0.057143	  0.323810	  0.342857	
  0.133333	  0.000000	  0.866667	  0.000000	
  0.009524	  0.000000	  0.990476	  0.000000	
  0.600000	  0.066667	  0.019048	  0.314286	
  0.942857	  0.009524	  0.019048	  0.028571	
  0.866667	  0.009524	  0.038095	  0.085714	
  0.161905	  0.209524	  0.409524	  0.219048	
  0.171429	  0.123810	  0.085714	  0.619048	
  0.171429	  0.314286	  0.085714	  0.428571	
  0.276190	  0.114286	  0.114286	  0.495238	

