MEME version 4.4

ALPHABET= ACGT

strands: + -

Background letter frequencies (from /mnt/thumper-e1/home/shhuang/projects/dap/analysis.v4/gem07_rep_memechip03/MYBrelated_tnt/AT1G72740_col_a/background):
A 0.31300 C 0.18700 G 0.18700 T 0.31300 

MOTIF MYBrelated_tnt.AT1G72740_col_a_m1 MEME

letter-probability matrix: alength= 4 w= 15 nsites= 291 E= 4.7e-804
  0.213058	  0.529210	  0.079038	  0.178694	
  0.237113	  0.546392	  0.116838	  0.099656	
  0.202749	  0.158076	  0.175258	  0.463918	
  0.735395	  0.010309	  0.075601	  0.178694	
  0.969072	  0.010309	  0.006873	  0.013746	
  0.969072	  0.000000	  0.030928	  0.000000	
  0.034364	  0.965636	  0.000000	  0.000000	
  0.000000	  1.000000	  0.000000	  0.000000	
  0.000000	  1.000000	  0.000000	  0.000000	
  0.000000	  0.000000	  0.000000	  1.000000	
  0.993127	  0.000000	  0.003436	  0.003436	
  0.831615	  0.000000	  0.168385	  0.000000	
  0.474227	  0.140893	  0.006873	  0.378007	
  0.030928	  0.443299	  0.054983	  0.470790	
  0.127148	  0.539519	  0.092784	  0.240550	

