MEME version 4.4

ALPHABET= ACGT

strands: + -

Background letter frequencies (from /mnt/thumper-e1/home/shhuang/projects/dap/analysis.v4/gem07_rep_memechip03/AP2EREBP_tnt/At5g65130_colamp_a/background):
A 0.27000 C 0.23000 G 0.23000 T 0.27000 

MOTIF AP2EREBP_tnt.At5g65130_colamp_a_m1 MEME

letter-probability matrix: alength= 4 w= 19 nsites= 575 E= 9.4e-1098
  0.205217	  0.380870	  0.154783	  0.259130	
  0.180870	  0.412174	  0.161739	  0.245217	
  0.288696	  0.220870	  0.233043	  0.257391	
  0.194783	  0.384348	  0.144348	  0.276522	
  0.238261	  0.356522	  0.121739	  0.283478	
  0.316522	  0.166957	  0.241739	  0.274783	
  0.201739	  0.387826	  0.144348	  0.266087	
  0.220870	  0.452174	  0.095652	  0.231304	
  0.222609	  0.109565	  0.320000	  0.347826	
  0.026087	  0.645217	  0.234783	  0.093913	
  0.022609	  0.975652	  0.000000	  0.001739	
  0.554783	  0.000000	  0.445217	  0.000000	
  0.001739	  0.998261	  0.000000	  0.000000	
  0.000000	  1.000000	  0.000000	  0.000000	
  0.001739	  0.003478	  0.994783	  0.000000	
  0.605217	  0.340870	  0.000000	  0.053913	
  0.000000	  1.000000	  0.000000	  0.000000	
  0.521739	  0.323478	  0.038261	  0.116522	
  0.460870	  0.147826	  0.015652	  0.375652	

