MEME version 4.4

ALPHABET= ACGT

strands: + -

Background letter frequencies (from /mnt/thumper-e1/home/shhuang/projects/dap/analysis.v4/gem07_rep_memechip03/C2C2dof_tnt/AT5G02460_colamp_a/background):
A 0.34300 C 0.15700 G 0.15700 T 0.34300 

MOTIF C2C2dof_tnt.AT5G02460_colamp_a_m1 MEME

letter-probability matrix: alength= 4 w= 19 nsites= 600 E= 1.4e-432
  0.270000	  0.211667	  0.131667	  0.386667	
  0.261667	  0.135000	  0.121667	  0.481667	
  0.180000	  0.113333	  0.151667	  0.555000	
  0.096667	  0.205000	  0.030000	  0.668333	
  0.298333	  0.175000	  0.046667	  0.480000	
  0.661667	  0.140000	  0.163333	  0.035000	
  0.000000	  1.000000	  0.000000	  0.000000	
  0.000000	  0.003333	  0.000000	  0.996667	
  0.000000	  0.000000	  0.000000	  1.000000	
  0.000000	  0.000000	  0.000000	  1.000000	
  0.258333	  0.001667	  0.020000	  0.720000	
  0.058333	  0.086667	  0.068333	  0.786667	
  0.166667	  0.210000	  0.280000	  0.343333	
  0.206667	  0.176667	  0.218333	  0.398333	
  0.230000	  0.243333	  0.120000	  0.406667	
  0.208333	  0.166667	  0.160000	  0.465000	
  0.216667	  0.185000	  0.136667	  0.461667	
  0.271667	  0.190000	  0.110000	  0.428333	
  0.296667	  0.133333	  0.128333	  0.441667	

