MEME version 4.4

ALPHABET= ACGT

strands: + -

Background letter frequencies (from /mnt/thumper-e1/home/shhuang/projects/dap/analysis.v4/gem07_rep_memechip03/C2C2dof_tnt/dof45_colamp_a/background):
A 0.32700 C 0.17300 G 0.17300 T 0.32700 

MOTIF C2C2dof_tnt.dof45_colamp_a_m1 MEME

letter-probability matrix: alength= 4 w= 15 nsites= 522 E= 2.8e-1209
  0.333333	  0.180077	  0.245211	  0.241379	
  0.538314	  0.153257	  0.109195	  0.199234	
  0.519157	  0.019157	  0.084291	  0.377395	
  0.980843	  0.003831	  0.013410	  0.001916	
  0.988506	  0.000000	  0.005747	  0.005747	
  0.994253	  0.000000	  0.005747	  0.000000	
  0.000000	  0.000000	  1.000000	  0.000000	
  0.166667	  0.155172	  0.051724	  0.626437	
  0.678161	  0.005747	  0.252874	  0.063218	
  0.250958	  0.095785	  0.526820	  0.126437	
  0.000000	  0.988506	  0.003831	  0.007663	
  0.000000	  0.000000	  0.000000	  1.000000	
  0.001916	  0.000000	  0.000000	  0.998084	
  0.011494	  0.000000	  0.007663	  0.980843	
  0.408046	  0.070881	  0.093870	  0.427203	

