MEME version 4.4

ALPHABET= ACGT

strands: + -

Background letter frequencies (from /mnt/thumper-e1/home/shhuang/projects/dap/analysis.v4/gem07_rep_memechip03/C2C2dof_tnt/AT1G69570_colamp_a/background):
A 0.34200 C 0.15800 G 0.15800 T 0.34200 

MOTIF C2C2dof_tnt.AT1G69570_colamp_a_m1 MEME

letter-probability matrix: alength= 4 w= 21 nsites= 598 E= 1.6e-663
  0.414716	  0.163880	  0.172241	  0.249164	
  0.476589	  0.135452	  0.155518	  0.232441	
  0.573579	  0.147157	  0.167224	  0.112040	
  0.573579	  0.100334	  0.143813	  0.182274	
  0.508361	  0.143813	  0.230769	  0.117057	
  0.521739	  0.112040	  0.157191	  0.209030	
  0.523411	  0.093645	  0.244147	  0.138796	
  0.513378	  0.085284	  0.247492	  0.153846	
  0.627090	  0.063545	  0.135452	  0.173913	
  0.715719	  0.040134	  0.135452	  0.108696	
  0.667224	  0.091973	  0.147157	  0.093645	
  0.556856	  0.095318	  0.220736	  0.127090	
  0.287625	  0.143813	  0.434783	  0.133779	
  0.585284	  0.130435	  0.153846	  0.130435	
  0.719064	  0.026756	  0.041806	  0.212375	
  1.000000	  0.000000	  0.000000	  0.000000	
  1.000000	  0.000000	  0.000000	  0.000000	
  0.979933	  0.000000	  0.020067	  0.000000	
  0.000000	  0.000000	  1.000000	  0.000000	
  0.085284	  0.183946	  0.150502	  0.580268	
  0.339465	  0.040134	  0.488294	  0.132107	

