MEME version 4.4

ALPHABET= ACGT

strands: + -

Background letter frequencies (from /mnt/thumper-e1/home/shhuang/projects/dap/analysis.v4/gem07_rep_memechip03/C2C2dof_tnt/At4g38000_col_a/background):
A 0.36800 C 0.13200 G 0.13200 T 0.36800 

MOTIF C2C2dof_tnt.At4g38000_col_a_m1 MEME

letter-probability matrix: alength= 4 w= 28 nsites= 569 E= 2.0e-539
  0.261863	  0.244288	  0.098418	  0.395431	
  0.221441	  0.175747	  0.066784	  0.536028	
  0.158172	  0.159930	  0.098418	  0.583480	
  0.168717	  0.168717	  0.049209	  0.613357	
  0.149385	  0.184534	  0.042179	  0.623902	
  0.165202	  0.177504	  0.063269	  0.594025	
  0.254833	  0.189807	  0.047452	  0.507909	
  0.221441	  0.152900	  0.108963	  0.516696	
  0.196837	  0.156415	  0.126538	  0.520211	
  0.166960	  0.242531	  0.031634	  0.558875	
  0.151142	  0.161687	  0.059754	  0.627417	
  0.163445	  0.152900	  0.057996	  0.625659	
  0.163445	  0.177504	  0.056239	  0.602812	
  0.224956	  0.179262	  0.100176	  0.495606	
  0.209139	  0.200351	  0.100176	  0.490334	
  0.159930	  0.175747	  0.087873	  0.576450	
  0.172232	  0.103691	  0.065026	  0.659051	
  0.159930	  0.096661	  0.098418	  0.644991	
  0.063269	  0.191564	  0.003515	  0.741652	
  0.369069	  0.073814	  0.049209	  0.507909	
  0.507909	  0.108963	  0.124780	  0.258348	
  0.000000	  0.906854	  0.001757	  0.091388	
  0.019332	  0.033392	  0.000000	  0.947276	
  0.000000	  0.043937	  0.000000	  0.956063	
  0.000000	  0.003515	  0.000000	  0.996485	
  0.226714	  0.024605	  0.000000	  0.748682	
  0.080844	  0.105448	  0.047452	  0.766257	
  0.256591	  0.205624	  0.154657	  0.383128	

