MEME version 4.4

ALPHABET= ACGT

strands: + -

Background letter frequencies (from /mnt/thumper-e1/home/shhuang/projects/dap/analysis.v4/gem07_rep_memechip03/NAC_tnt/CUC2_col/background):
A 0.30700 C 0.19300 G 0.19300 T 0.30700 

MOTIF NAC_tnt.CUC2_col_m1 MEME

letter-probability matrix: alength= 4 w= 19 nsites= 583 E= 1.4e-1293
  0.020583	  0.975986	  0.000000	  0.003431	
  0.000000	  0.000000	  0.734134	  0.265866	
  0.000000	  0.000000	  0.000000	  1.000000	
  0.195540	  0.000000	  0.804460	  0.000000	
  0.207547	  0.142367	  0.048027	  0.602058	
  0.303602	  0.120069	  0.325901	  0.250429	
  0.310463	  0.144082	  0.315609	  0.229846	
  0.320755	  0.183533	  0.228130	  0.267581	
  0.596913	  0.039451	  0.181818	  0.181818	
  0.018868	  0.691252	  0.142367	  0.147513	
  0.989708	  0.000000	  0.000000	  0.010292	
  0.626072	  0.361921	  0.010292	  0.001715	
  0.000000	  0.000000	  0.984563	  0.015437	
  0.248714	  0.250429	  0.171527	  0.329331	
  0.620926	  0.137221	  0.018868	  0.222985	
  0.945111	  0.003431	  0.000000	  0.051458	
  0.274443	  0.334477	  0.135506	  0.255575	
  0.183533	  0.432247	  0.142367	  0.241852	
  0.241852	  0.142367	  0.260720	  0.355060	

