MEME version 4.4

ALPHABET= ACGT

strands: + -

Background letter frequencies (from /mnt/thumper-e1/home/shhuang/projects/dap/analysis.v4/gem07_rep_memechip03/C2C2dof_tnt/COG1_colamp_a/background):
A 0.34600 C 0.15400 G 0.15400 T 0.34600 

MOTIF C2C2dof_tnt.COG1_colamp_a_m1 MEME

letter-probability matrix: alength= 4 w= 15 nsites= 595 E= 9.4e-682
  0.258824	  0.255462	  0.142857	  0.342857	
  0.231933	  0.183193	  0.075630	  0.509244	
  0.193277	  0.137815	  0.077311	  0.591597	
  0.252101	  0.062185	  0.075630	  0.610084	
  0.132773	  0.035294	  0.085714	  0.746218	
  0.198319	  0.021849	  0.273950	  0.505882	
  0.095798	  0.583193	  0.001681	  0.319328	
  0.742857	  0.137815	  0.077311	  0.042017	
  0.000000	  1.000000	  0.000000	  0.000000	
  0.000000	  0.000000	  0.000000	  1.000000	
  0.000000	  0.000000	  0.000000	  1.000000	
  0.000000	  0.000000	  0.000000	  1.000000	
  0.236975	  0.000000	  0.000000	  0.763025	
  0.072269	  0.058824	  0.035294	  0.833613	
  0.189916	  0.262185	  0.260504	  0.287395	

