MEME version 4.4

ALPHABET= ACGT

strands: + -

Background letter frequencies (from /mnt/thumper-e1/home/shhuang/projects/dap/analysis.v4/gem07_rep_memechip03/NAC_tnt/ANAC057_col_a/background):
A 0.29200 C 0.20800 G 0.20800 T 0.29200 

MOTIF NAC_tnt.ANAC057_col_a_m1 MEME

letter-probability matrix: alength= 4 w= 17 nsites= 600 E= 4.3e-1208
  0.345000	  0.011667	  0.186667	  0.456667	
  0.476667	  0.073333	  0.383333	  0.066667	
  0.036667	  0.963333	  0.000000	  0.000000	
  0.000000	  0.000000	  0.538333	  0.461667	
  0.000000	  0.000000	  0.000000	  1.000000	
  0.126667	  0.025000	  0.843333	  0.005000	
  0.233333	  0.210000	  0.070000	  0.486667	
  0.298333	  0.150000	  0.315000	  0.236667	
  0.225000	  0.176667	  0.341667	  0.256667	
  0.298333	  0.273333	  0.161667	  0.266667	
  0.518333	  0.096667	  0.173333	  0.211667	
  0.006667	  0.760000	  0.171667	  0.061667	
  1.000000	  0.000000	  0.000000	  0.000000	
  0.736667	  0.263333	  0.000000	  0.000000	
  0.000000	  0.000000	  1.000000	  0.000000	
  0.183333	  0.371667	  0.191667	  0.253333	
  0.713333	  0.153333	  0.013333	  0.120000	

