MEME version 4.4

ALPHABET= ACGT

strands: + -

Background letter frequencies (from /mnt/thumper-e1/home/shhuang/projects/dap/analysis.v4/gem07_rep_memechip03/C2C2dof_tnt/dof42_col_a/background):
A 0.34700 C 0.15300 G 0.15300 T 0.34700 

MOTIF C2C2dof_tnt.dof42_col_a_m1 MEME

letter-probability matrix: alength= 4 w= 19 nsites= 598 E= 2.4e-828
  0.481605	  0.117057	  0.177258	  0.224080	
  0.469900	  0.163880	  0.160535	  0.205686	
  0.506689	  0.122074	  0.180602	  0.190635	
  0.394649	  0.125418	  0.242475	  0.237458	
  0.357860	  0.183946	  0.277592	  0.180602	
  0.797659	  0.063545	  0.080268	  0.058528	
  0.969900	  0.000000	  0.000000	  0.030100	
  1.000000	  0.000000	  0.000000	  0.000000	
  1.000000	  0.000000	  0.000000	  0.000000	
  1.000000	  0.000000	  0.000000	  0.000000	
  0.000000	  0.000000	  1.000000	  0.000000	
  0.187291	  0.000000	  0.774247	  0.038462	
  0.148829	  0.423077	  0.046823	  0.381271	
  0.578595	  0.100334	  0.117057	  0.204013	
  0.652174	  0.063545	  0.120401	  0.163880	
  0.590301	  0.110368	  0.083612	  0.215719	
  0.506689	  0.073579	  0.175585	  0.244147	
  0.476589	  0.125418	  0.198997	  0.198997	
  0.443144	  0.157191	  0.200669	  0.198997	

