MEME version 4.4

ALPHABET= ACGT

strands: + -

Background letter frequencies (from /mnt/thumper-e1/home/shhuang/projects/dap/analysis.v4/gem07_rep_memechip03/C2H2_tnt/NUC_colamp_a/background):
A 0.32400 C 0.17600 G 0.17600 T 0.32400 

MOTIF C2H2_tnt.NUC_colamp_a_m1 MEME

letter-probability matrix: alength= 4 w= 17 nsites= 345 E= 4.4e-910
  0.269565	  0.142029	  0.127536	  0.460870	
  0.228986	  0.104348	  0.139130	  0.527536	
  0.136232	  0.060870	  0.066667	  0.736232	
  0.014493	  0.046377	  0.023188	  0.915942	
  0.000000	  0.000000	  0.031884	  0.968116	
  0.000000	  0.000000	  0.000000	  1.000000	
  0.000000	  0.000000	  1.000000	  0.000000	
  0.000000	  0.000000	  0.000000	  1.000000	
  0.000000	  0.997101	  0.000000	  0.002899	
  0.023188	  0.046377	  0.788406	  0.142029	
  0.000000	  0.020290	  0.055072	  0.924638	
  0.043478	  0.208696	  0.066667	  0.681159	
  0.110145	  0.000000	  0.000000	  0.889855	
  0.295652	  0.060870	  0.014493	  0.628986	
  0.127536	  0.336232	  0.359420	  0.176812	
  0.031884	  0.252174	  0.055072	  0.660870	
  0.217391	  0.060870	  0.431884	  0.289855	

