MEME version 4.4

ALPHABET= ACGT

strands: + -

Background letter frequencies (from /mnt/thumper-e1/home/shhuang/projects/dap/analysis.v4/gem07_rep_memechip03/NAC_tnt/NAM_col_v3a/background):
A 0.31500 C 0.18500 G 0.18500 T 0.31500 

MOTIF NAC_tnt.NAM_col_v3a_m1 MEME

letter-probability matrix: alength= 4 w= 19 nsites= 588 E= 1.3e-736
  0.282313	  0.049320	  0.102041	  0.566327	
  0.270408	  0.027211	  0.238095	  0.464286	
  0.287415	  0.175170	  0.284014	  0.253401	
  0.107143	  0.777211	  0.000000	  0.115646	
  0.103741	  0.107143	  0.552721	  0.236395	
  0.248299	  0.025510	  0.098639	  0.627551	
  0.314626	  0.164966	  0.360544	  0.159864	
  0.285714	  0.158163	  0.073129	  0.482993	
  0.290816	  0.244898	  0.134354	  0.329932	
  0.250000	  0.244898	  0.192177	  0.312925	
  0.294218	  0.214286	  0.188776	  0.302721	
  0.547619	  0.088435	  0.124150	  0.239796	
  0.054422	  0.535714	  0.100340	  0.309524	
  1.000000	  0.000000	  0.000000	  0.000000	
  0.003401	  0.996599	  0.000000	  0.000000	
  0.000000	  0.000000	  1.000000	  0.000000	
  0.034014	  0.234694	  0.221088	  0.510204	
  0.678571	  0.273810	  0.000000	  0.047619	
  0.785714	  0.023810	  0.010204	  0.180272	

