MEME version 4.4

ALPHABET= ACGT

strands: + -

Background letter frequencies (from /mnt/thumper-e1/home/shhuang/projects/dap/analysis.v4/gem07_rep_memechip03/C2C2gata_tnt/GATA6_col200_a/background):
A 0.30600 C 0.19400 G 0.19400 T 0.30600 

MOTIF C2C2gata_tnt.GATA6_col200_a_m1 MEME

letter-probability matrix: alength= 4 w= 13 nsites= 417 E= 1.7e-678
  0.107914	  0.381295	  0.088729	  0.422062	
  0.937650	  0.000000	  0.052758	  0.009592	
  0.000000	  0.000000	  1.000000	  0.000000	
  1.000000	  0.000000	  0.000000	  0.000000	
  0.000000	  0.000000	  0.000000	  1.000000	
  0.000000	  1.000000	  0.000000	  0.000000	
  0.000000	  0.165468	  0.014388	  0.820144	
  0.827338	  0.000000	  0.172662	  0.000000	
  0.223022	  0.136691	  0.585132	  0.055156	
  0.714628	  0.119904	  0.071942	  0.093525	
  0.225420	  0.112710	  0.095923	  0.565947	
  0.218225	  0.388489	  0.127098	  0.266187	
  0.237410	  0.280576	  0.105516	  0.376499	

