MEME version 4.4

ALPHABET= ACGT

strands: + -

Background letter frequencies (from /mnt/thumper-e1/home/shhuang/projects/dap/analysis.v4/gem07_rep_memechip03/Orphan_tnt/AT1G23810_col_a/background):
A 0.30200 C 0.19800 G 0.19800 T 0.30200 

MOTIF Orphan_tnt.AT1G23810_col_a_m1 MEME

letter-probability matrix: alength= 4 w= 17 nsites= 359 E= 1.4e-1109
  0.111421	  0.069638	  0.030641	  0.788301	
  0.000000	  0.005571	  0.002786	  0.991643	
  0.000000	  1.000000	  0.000000	  0.000000	
  0.000000	  0.139276	  0.011142	  0.849582	
  0.905292	  0.022284	  0.072423	  0.000000	
  0.000000	  0.000000	  1.000000	  0.000000	
  0.997214	  0.000000	  0.000000	  0.002786	
  0.874652	  0.008357	  0.030641	  0.086351	
  0.203343	  0.197772	  0.401114	  0.197772	
  0.105850	  0.615599	  0.194986	  0.083565	
  0.044568	  0.011142	  0.000000	  0.944290	
  0.011142	  0.008357	  0.000000	  0.980501	
  0.000000	  0.997214	  0.002786	  0.000000	
  0.044568	  0.253482	  0.061281	  0.640669	
  0.376045	  0.186630	  0.186630	  0.250696	
  0.233983	  0.220056	  0.214485	  0.331476	
  0.428969	  0.103064	  0.164345	  0.303621	

