MEME version 4.4

ALPHABET= ACGT

strands: + -

Background letter frequencies (from /mnt/thumper-e1/home/shhuang/projects/dap/analysis.v4/gem07_rep_memechip03/MYB_tnt/MYB62_colamp_a/background):
A 0.32100 C 0.17900 G 0.17900 T 0.32100 

MOTIF MYB_tnt.MYB62_colamp_a_m1 MEME

letter-probability matrix: alength= 4 w= 13 nsites= 600 E= 1.2e-889
  0.145000	  0.250000	  0.095000	  0.510000	
  0.208333	  0.316667	  0.166667	  0.308333	
  0.095000	  0.133333	  0.138333	  0.633333	
  0.588333	  0.005000	  0.403333	  0.003333	
  0.005000	  0.995000	  0.000000	  0.000000	
  0.000000	  1.000000	  0.000000	  0.000000	
  0.136667	  0.003333	  0.003333	  0.856667	
  1.000000	  0.000000	  0.000000	  0.000000	
  0.968333	  0.031667	  0.000000	  0.000000	
  0.031667	  0.758333	  0.000000	  0.210000	
  0.160000	  0.126667	  0.016667	  0.696667	
  0.188333	  0.170000	  0.071667	  0.570000	
  0.263333	  0.155000	  0.090000	  0.491667	

