MEME version 4.4

ALPHABET= ACGT

strands: + -

Background letter frequencies (from /mnt/thumper-e1/home/shhuang/projects/dap/analysis.v4/gem07_rep_memechip03/AP2EREBP_tnt/AT1G12630_colamp_a/background):
A 0.28900 C 0.21100 G 0.21100 T 0.28900 

MOTIF AP2EREBP_tnt.AT1G12630_colamp_a_m1 MEME

letter-probability matrix: alength= 4 w= 16 nsites= 598 E= 8.4e-1192
  0.244147	  0.160535	  0.327759	  0.267559	
  0.337793	  0.175585	  0.190635	  0.295987	
  0.311037	  0.200669	  0.135452	  0.352843	
  0.356187	  0.103679	  0.158863	  0.381271	
  0.195652	  0.140468	  0.244147	  0.419732	
  0.011706	  0.085284	  0.003344	  0.899666	
  0.000000	  0.000000	  1.000000	  0.000000	
  0.028428	  0.000000	  0.001672	  0.969900	
  0.000000	  1.000000	  0.000000	  0.000000	
  0.000000	  0.000000	  1.000000	  0.000000	
  0.005017	  0.000000	  0.994983	  0.000000	
  0.000000	  0.685619	  0.001672	  0.312709	
  0.667224	  0.063545	  0.239130	  0.030100	
  0.520067	  0.056856	  0.342809	  0.080268	
  0.451505	  0.229097	  0.173913	  0.145485	
  0.306020	  0.165552	  0.287625	  0.240803	

