MEME version 4.4

ALPHABET= ACGT

strands: + -

Background letter frequencies (from /mnt/thumper-e1/home/shhuang/projects/dap/analysis.v4/gem07_rep_memechip03/C2C2dof_tnt/AT2G28810_colamp_a/background):
A 0.33400 C 0.16600 G 0.16600 T 0.33400 

MOTIF C2C2dof_tnt.AT2G28810_colamp_a_m1 MEME

letter-probability matrix: alength= 4 w= 15 nsites= 600 E= 1.1e-477
  0.136667	  0.133333	  0.201667	  0.528333	
  0.095000	  0.206667	  0.080000	  0.618333	
  0.193333	  0.256667	  0.095000	  0.455000	
  0.461667	  0.228333	  0.183333	  0.126667	
  0.000000	  1.000000	  0.000000	  0.000000	
  0.000000	  0.063333	  0.000000	  0.936667	
  0.000000	  0.000000	  0.000000	  1.000000	
  0.000000	  0.000000	  0.000000	  1.000000	
  0.251667	  0.000000	  0.000000	  0.748333	
  0.013333	  0.130000	  0.001667	  0.855000	
  0.170000	  0.308333	  0.325000	  0.196667	
  0.210000	  0.278333	  0.156667	  0.355000	
  0.158333	  0.238333	  0.176667	  0.426667	
  0.158333	  0.233333	  0.100000	  0.508333	
  0.220000	  0.145000	  0.075000	  0.560000	

