MEME version 4.4

ALPHABET= ACGT

strands: + -

Background letter frequencies (from /mnt/thumper-e1/home/shhuang/projects/dap/analysis.v4/gem07_rep_memechip03/BSD_tnt/AT1G10720_col_a/background):
A 0.29700 C 0.20300 G 0.20300 T 0.29700 

MOTIF BSD_tnt.AT1G10720_col_a_m1 MEME

letter-probability matrix: alength= 4 w= 14 nsites= 179 E= 6.5e-551
  0.664804	  0.067039	  0.251397	  0.016760	
  0.000000	  0.000000	  1.000000	  0.000000	
  1.000000	  0.000000	  0.000000	  0.000000	
  0.932961	  0.000000	  0.000000	  0.067039	
  0.027933	  0.184358	  0.692737	  0.094972	
  0.290503	  0.329609	  0.189944	  0.189944	
  0.083799	  0.050279	  0.005587	  0.860335	
  0.005587	  0.000000	  0.000000	  0.994413	
  0.000000	  0.994413	  0.005587	  0.000000	
  0.000000	  0.033520	  0.005587	  0.960894	
  0.932961	  0.005587	  0.061453	  0.000000	
  0.000000	  0.000000	  1.000000	  0.000000	
  0.988827	  0.005587	  0.005587	  0.000000	
  0.765363	  0.016760	  0.117318	  0.100559	

