MEME version 4.4

ALPHABET= ACGT

strands: + -

Background letter frequencies (from /mnt/thumper-e1/home/shhuang/projects/dap/analysis.v4/gem07_rep_memechip03/AP2EREBP_tnt/At2g33710_col/background):
A 0.23800 C 0.26200 G 0.26200 T 0.23800 

MOTIF AP2EREBP_tnt.At2g33710_col_m1 MEME

letter-probability matrix: alength= 4 w= 15 nsites= 583 E= 1.9e-1111
  0.135506	  0.528302	  0.130360	  0.205832	
  0.185249	  0.564322	  0.060034	  0.190395	
  0.301887	  0.084048	  0.305317	  0.308748	
  0.101201	  0.586621	  0.080617	  0.231561	
  0.108062	  0.814751	  0.022298	  0.054889	
  0.111492	  0.013722	  0.600343	  0.274443	
  0.005146	  0.782161	  0.192110	  0.020583	
  0.012007	  0.982847	  0.005146	  0.000000	
  0.042882	  0.000000	  0.945111	  0.012007	
  0.000000	  0.981132	  0.018868	  0.000000	
  0.000000	  1.000000	  0.000000	  0.000000	
  0.053173	  0.000000	  0.945111	  0.001715	
  0.013722	  0.638079	  0.018868	  0.329331	
  0.255575	  0.600343	  0.029160	  0.114923	
  0.502573	  0.018868	  0.267581	  0.210978	

