MEME version 4.4

ALPHABET= ACGT

strands: + -

Background letter frequencies (from /mnt/thumper-e1/home/shhuang/projects/dap/analysis.v4/gem07_rep_memechip03/C2C2dof_tnt/Adof1_colamp_a/background):
A 0.33400 C 0.16600 G 0.16600 T 0.33400 

MOTIF C2C2dof_tnt.Adof1_colamp_a_m1 MEME

letter-probability matrix: alength= 4 w= 21 nsites= 591 E= 1.2e-521
  0.531303	  0.084602	  0.169205	  0.214890	
  0.421320	  0.126904	  0.258883	  0.192893	
  0.541455	  0.133672	  0.164129	  0.160745	
  0.532995	  0.093063	  0.189509	  0.184433	
  0.450085	  0.120135	  0.211506	  0.218274	
  0.385787	  0.167513	  0.201354	  0.245347	
  0.225042	  0.291032	  0.316413	  0.167513	
  0.807107	  0.057530	  0.086294	  0.049069	
  0.773266	  0.037225	  0.010152	  0.179357	
  1.000000	  0.000000	  0.000000	  0.000000	
  1.000000	  0.000000	  0.000000	  0.000000	
  0.989848	  0.000000	  0.010152	  0.000000	
  0.000000	  0.000000	  1.000000	  0.000000	
  0.013536	  0.225042	  0.130288	  0.631134	
  0.548223	  0.074450	  0.108291	  0.269036	
  0.642978	  0.047377	  0.228426	  0.081218	
  0.500846	  0.179357	  0.159052	  0.160745	
  0.458545	  0.157360	  0.128596	  0.255499	
  0.373942	  0.111675	  0.241963	  0.272420	
  0.402707	  0.187817	  0.159052	  0.250423	
  0.313029	  0.253807	  0.137056	  0.296108	

