MEME version 4.4

ALPHABET= ACGT

strands: + -

Background letter frequencies (from /mnt/thumper-e1/home/shhuang/projects/dap/analysis.v4/gem07_rep_memechip03/AP2EREBP_tnt/ERF3_colamp_a/background):
A 0.25300 C 0.24700 G 0.24700 T 0.25300 

MOTIF AP2EREBP_tnt.ERF3_colamp_a_m1 MEME

letter-probability matrix: alength= 4 w= 20 nsites= 567 E= 4.9e-1069
  0.153439	  0.289242	  0.015873	  0.541446	
  0.102293	  0.015873	  0.703704	  0.178131	
  0.320988	  0.008818	  0.663139	  0.007055	
  0.000000	  0.982363	  0.000000	  0.017637	
  0.000000	  0.000000	  1.000000	  0.000000	
  0.003527	  0.003527	  0.992945	  0.000000	
  0.003527	  0.980600	  0.000000	  0.015873	
  0.000000	  0.000000	  0.888889	  0.111111	
  0.089947	  0.153439	  0.701940	  0.054674	
  0.361552	  0.377425	  0.059965	  0.201058	
  0.183422	  0.028219	  0.652557	  0.135802	
  0.287478	  0.130511	  0.425044	  0.156966	
  0.252205	  0.312169	  0.126984	  0.308642	
  0.201058	  0.082892	  0.516755	  0.199295	
  0.248677	  0.134039	  0.469136	  0.148148	
  0.257496	  0.379189	  0.095238	  0.268078	
  0.201058	  0.109347	  0.516755	  0.172840	
  0.278660	  0.114638	  0.453263	  0.153439	
  0.234568	  0.345679	  0.167549	  0.252205	
  0.222222	  0.137566	  0.442681	  0.197531	

