MEME version 4.4

ALPHABET= ACGT

strands: + -

Background letter frequencies (from /mnt/thumper-e1/home/shhuang/projects/dap/analysis.v4/gem07_rep_memechip03/MYB_tnt/MYB58_col_a/background):
A 0.31100 C 0.18900 G 0.18900 T 0.31100 

MOTIF MYB_tnt.MYB58_col_a_m1 MEME

letter-probability matrix: alength= 4 w= 15 nsites= 600 E= 2.7e-992
  0.301667	  0.110000	  0.281667	  0.306667	
  0.316667	  0.045000	  0.401667	  0.236667	
  0.221667	  0.080000	  0.298333	  0.400000	
  0.240000	  0.000000	  0.753333	  0.006667	
  0.003333	  0.000000	  0.690000	  0.306667	
  0.000000	  0.001667	  0.000000	  0.998333	
  0.306667	  0.003333	  0.001667	  0.688333	
  0.001667	  0.000000	  0.998333	  0.000000	
  0.000000	  0.000000	  0.881667	  0.118333	
  0.000000	  0.001667	  0.001667	  0.996667	
  0.278333	  0.006667	  0.713333	  0.001667	
  0.436667	  0.073333	  0.365000	  0.125000	
  0.573333	  0.085000	  0.245000	  0.096667	
  0.330000	  0.233333	  0.245000	  0.191667	
  0.240000	  0.318333	  0.200000	  0.241667	

