MEME version 4.4

ALPHABET= ACGT

strands: + -

Background letter frequencies (from /mnt/thumper-e1/home/shhuang/projects/dap/analysis.v4/gem07_rep_memechip03/G2like_tnt/At2g01060_col/background):
A 0.31300 C 0.18700 G 0.18700 T 0.31300 

MOTIF G2like_tnt.At2g01060_col_m1 MEME

letter-probability matrix: alength= 4 w= 13 nsites= 598 E= 5.3e-1010
  0.575251	  0.096990	  0.150502	  0.177258	
  0.583612	  0.040134	  0.157191	  0.219064	
  0.503344	  0.145485	  0.183946	  0.167224	
  0.436455	  0.204013	  0.359532	  0.000000	
  0.000000	  0.000000	  1.000000	  0.000000	
  0.754181	  0.143813	  0.001672	  0.100334	
  1.000000	  0.000000	  0.000000	  0.000000	
  0.000000	  0.000000	  0.000000	  1.000000	
  0.887960	  0.112040	  0.000000	  0.000000	
  0.005017	  0.000000	  0.000000	  0.994983	
  0.147157	  0.073579	  0.021739	  0.757525	
  0.023411	  0.906355	  0.008361	  0.061873	
  0.043478	  0.456522	  0.190635	  0.309365	

