MEME version 4.4

ALPHABET= ACGT

strands: + -

Background letter frequencies (from /mnt/thumper-e1/home/shhuang/projects/dap/analysis.v4/gem07_rep_memechip03/C2H2_tnt/IDD5_col/background):
A 0.31000 C 0.19000 G 0.19000 T 0.31000 

MOTIF C2H2_tnt.IDD5_col_m1 MEME

letter-probability matrix: alength= 4 w= 16 nsites= 160 E= 4.1e-366
  0.250000	  0.112500	  0.125000	  0.512500	
  0.181250	  0.025000	  0.050000	  0.743750	
  0.006250	  0.043750	  0.025000	  0.925000	
  0.000000	  0.012500	  0.043750	  0.943750	
  0.000000	  0.018750	  0.000000	  0.981250	
  0.000000	  0.000000	  0.993750	  0.006250	
  0.000000	  0.006250	  0.000000	  0.993750	
  0.000000	  1.000000	  0.000000	  0.000000	
  0.018750	  0.087500	  0.693750	  0.200000	
  0.006250	  0.031250	  0.050000	  0.912500	
  0.018750	  0.156250	  0.062500	  0.762500	
  0.106250	  0.025000	  0.050000	  0.818750	
  0.331250	  0.037500	  0.000000	  0.631250	
  0.081250	  0.356250	  0.468750	  0.093750	
  0.037500	  0.275000	  0.018750	  0.668750	
  0.193750	  0.087500	  0.487500	  0.231250	

