MEME version 4.4

ALPHABET= ACGT

strands: + -

Background letter frequencies (from /mnt/thumper-e1/home/shhuang/projects/dap/analysis.v4/gem07_rep_memechip03/NAC_tnt/ANAC087_colamp_a/background):
A 0.28500 C 0.21500 G 0.21500 T 0.28500 

MOTIF NAC_tnt.ANAC087_colamp_a_m1 MEME

letter-probability matrix: alength= 4 w= 21 nsites= 517 E= 1.7e-980
  0.131528	  0.197292	  0.557060	  0.114120	
  0.249516	  0.129594	  0.448743	  0.172147	
  0.154739	  0.001934	  0.019342	  0.823985	
  0.371373	  0.032882	  0.268859	  0.326886	
  0.514507	  0.110251	  0.290135	  0.085106	
  0.013540	  0.982592	  0.000000	  0.003868	
  0.000000	  0.000000	  0.862669	  0.137331	
  0.000000	  0.000000	  0.000000	  1.000000	
  0.261122	  0.009671	  0.729207	  0.000000	
  0.257253	  0.226306	  0.100580	  0.415861	
  0.272727	  0.193424	  0.297872	  0.235977	
  0.214700	  0.232108	  0.353965	  0.199226	
  0.278530	  0.220503	  0.259188	  0.241779	
  0.473888	  0.102515	  0.193424	  0.230174	
  0.063830	  0.584139	  0.234043	  0.117988	
  0.947776	  0.009671	  0.042553	  0.000000	
  0.547389	  0.415861	  0.036750	  0.000000	
  0.023211	  0.009671	  0.934236	  0.032882	
  0.172147	  0.272727	  0.290135	  0.264990	
  0.427466	  0.259188	  0.048356	  0.264990	
  0.781431	  0.025145	  0.058027	  0.135397	

