MEME version 4.4

ALPHABET= ACGT

strands: + -

Background letter frequencies (from /mnt/thumper-e1/home/shhuang/projects/dap/analysis.v4/gem07_rep_memechip03/SBP_tnt/SPL3_colamp_a/background):
A 0.30800 C 0.19200 G 0.19200 T 0.30800 

MOTIF SBP_tnt.SPL3_colamp_a_m1 MEME

letter-probability matrix: alength= 4 w= 13 nsites= 577 E= 2.0e-1092
  0.438475	  0.129983	  0.164645	  0.266898	
  0.441941	  0.119584	  0.162912	  0.275563	
  0.187175	  0.223570	  0.188908	  0.400347	
  0.067591	  0.154246	  0.084922	  0.693241	
  0.000000	  0.000000	  1.000000	  0.000000	
  0.000000	  0.000000	  0.000000	  1.000000	
  1.000000	  0.000000	  0.000000	  0.000000	
  0.000000	  1.000000	  0.000000	  0.000000	
  0.000000	  0.000000	  0.998267	  0.001733	
  0.020797	  0.000000	  0.948007	  0.031196	
  0.838821	  0.057192	  0.008666	  0.095321	
  0.235702	  0.381282	  0.097054	  0.285962	
  0.384749	  0.161179	  0.249567	  0.204506	

