MEME version 4.4

ALPHABET= ACGT

strands: + -

Background letter frequencies (from /mnt/thumper-e1/home/shhuang/projects/dap/analysis.v4/gem07_rep_memechip03/G2like_tnt/AT2G20400_col_a/background):
A 0.30500 C 0.19500 G 0.19500 T 0.30500 

MOTIF G2like_tnt.AT2G20400_col_a_m1 MEME

letter-probability matrix: alength= 4 w= 29 nsites= 68 E= 6.6e-107
  0.264706	  0.514706	  0.205882	  0.014706	
  0.000000	  0.000000	  1.000000	  0.000000	
  0.823529	  0.058824	  0.073529	  0.044118	
  1.000000	  0.000000	  0.000000	  0.000000	
  0.000000	  0.000000	  0.000000	  1.000000	
  0.970588	  0.000000	  0.029412	  0.000000	
  0.014706	  0.000000	  0.000000	  0.985294	
  0.132353	  0.014706	  0.323529	  0.529412	
  0.176471	  0.823529	  0.000000	  0.000000	
  0.000000	  0.676471	  0.044118	  0.279412	
  0.323529	  0.132353	  0.044118	  0.500000	
  0.000000	  0.161765	  0.044118	  0.794118	
  0.279412	  0.117647	  0.250000	  0.352941	
  0.411765	  0.132353	  0.147059	  0.308824	
  0.132353	  0.132353	  0.308824	  0.426471	
  0.235294	  0.250000	  0.250000	  0.264706	
  0.352941	  0.147059	  0.117647	  0.382353	
  0.235294	  0.352941	  0.117647	  0.294118	
  0.426471	  0.191176	  0.073529	  0.308824	
  0.088235	  0.250000	  0.205882	  0.455882	
  0.220588	  0.308824	  0.294118	  0.176471	
  0.264706	  0.161765	  0.235294	  0.338235	
  0.308824	  0.117647	  0.411765	  0.161765	
  0.264706	  0.191176	  0.132353	  0.411765	
  0.397059	  0.279412	  0.088235	  0.235294	
  0.264706	  0.132353	  0.176471	  0.426471	
  0.323529	  0.191176	  0.264706	  0.220588	
  0.426471	  0.161765	  0.044118	  0.367647	
  0.132353	  0.205882	  0.132353	  0.529412	

