MEME version 4.4

ALPHABET= ACGT

strands: + -

Background letter frequencies (from /mnt/thumper-e1/home/shhuang/projects/dap/analysis.v4/gem07_rep_memechip03/MYB_tnt/MYB88_col_a/background):
A 0.24400 C 0.25600 G 0.25600 T 0.24400 

MOTIF MYB_tnt.MYB88_col_a_m1 MEME

letter-probability matrix: alength= 4 w= 15 nsites= 594 E= 5.5e-682
  0.297980	  0.254209	  0.170034	  0.277778	
  0.271044	  0.301347	  0.190236	  0.237374	
  0.205387	  0.365320	  0.146465	  0.282828	
  0.360269	  0.292929	  0.099327	  0.247475	
  0.138047	  0.511785	  0.159933	  0.190236	
  0.794613	  0.186869	  0.018519	  0.000000	
  0.035354	  0.917508	  0.047138	  0.000000	
  0.000000	  0.000000	  1.000000	  0.000000	
  0.000000	  1.000000	  0.000000	  0.000000	
  0.000000	  0.000000	  0.506734	  0.493266	
  0.000000	  0.989899	  0.000000	  0.010101	
  0.008418	  0.811448	  0.008418	  0.171717	
  0.269360	  0.102694	  0.205387	  0.422559	
  0.168350	  0.498316	  0.117845	  0.215488	
  0.181818	  0.464646	  0.102694	  0.250842	

