MEME version 4.4

ALPHABET= ACGT

strands: + -

Background letter frequencies (from /mnt/thumper-e1/home/shhuang/projects/dap/analysis.v4/gem07_rep_memechip03/E2FDP_tnt/DEL2_colamp_a/background):
A 0.32600 C 0.17400 G 0.17400 T 0.32600 

MOTIF E2FDP_tnt.DEL2_colamp_a_m1 MEME

letter-probability matrix: alength= 4 w= 15 nsites= 549 E= 4.4e-2809
  0.207650	  0.009107	  0.245902	  0.537341	
  0.103825	  0.001821	  0.012750	  0.881603	
  0.047359	  0.003643	  0.001821	  0.947177	
  0.036430	  0.000000	  0.007286	  0.956284	
  0.014572	  0.001821	  0.005464	  0.978142	
  0.005464	  0.003643	  0.989071	  0.001821	
  0.000000	  0.000000	  1.000000	  0.000000	
  0.001821	  0.998179	  0.000000	  0.000000	
  0.001821	  0.000000	  0.996357	  0.001821	
  0.001821	  0.014572	  0.983607	  0.000000	
  0.000000	  0.010929	  0.987250	  0.001821	
  0.992714	  0.000000	  0.007286	  0.000000	
  1.000000	  0.000000	  0.000000	  0.000000	
  0.958106	  0.012750	  0.010929	  0.018215	
  0.774135	  0.051002	  0.021858	  0.153005	

