MEME version 4.4

ALPHABET= ACGT

strands: + -

Background letter frequencies (from /mnt/thumper-e1/home/shhuang/projects/dap/analysis.v4/gem07_rep_memechip03/NAC_tnt/ANAC053_col/background):
A 0.30600 C 0.19400 G 0.19400 T 0.30600 

MOTIF NAC_tnt.ANAC053_col_m1 MEME

letter-probability matrix: alength= 4 w= 17 nsites= 598 E= 1.6e-1854
  0.031773	  0.000000	  0.000000	  0.968227	
  0.122074	  0.000000	  0.128763	  0.749164	
  0.232441	  0.056856	  0.115385	  0.595318	
  0.000000	  0.998328	  0.000000	  0.001672	
  0.001672	  0.001672	  0.080268	  0.916388	
  0.000000	  0.000000	  0.000000	  1.000000	
  0.023411	  0.000000	  0.976589	  0.000000	
  0.214047	  0.222408	  0.277592	  0.285953	
  0.341137	  0.132107	  0.394649	  0.132107	
  0.210702	  0.245819	  0.386288	  0.157191	
  0.595318	  0.165552	  0.172241	  0.066890	
  0.663880	  0.025084	  0.265886	  0.045151	
  0.018395	  0.811037	  0.117057	  0.053512	
  1.000000	  0.000000	  0.000000	  0.000000	
  0.842809	  0.155518	  0.000000	  0.001672	
  0.000000	  0.000000	  0.988294	  0.011706	
  0.362876	  0.148829	  0.080268	  0.408027	

