MEME version 4.4

ALPHABET= ACGT

strands: + -

Background letter frequencies (from /mnt/thumper-e1/home/shhuang/projects/dap/analysis.v4/gem07_rep_memechip03/MADS_tnt/SVP_col_v3b/background):
A 0.32900 C 0.17100 G 0.17100 T 0.32900 

MOTIF MADS_tnt.SVP_col_v3b_m1 MEME

letter-probability matrix: alength= 4 w= 15 nsites= 595 E= 8.7e-1338
  0.463866	  0.100840	  0.084034	  0.351261	
  0.191597	  0.384874	  0.152941	  0.270588	
  0.045378	  0.033613	  0.008403	  0.912605	
  0.036975	  0.000000	  0.031933	  0.931092	
  0.233613	  0.001681	  0.126050	  0.638655	
  0.000000	  1.000000	  0.000000	  0.000000	
  0.000000	  0.927731	  0.000000	  0.072269	
  0.236975	  0.238655	  0.161345	  0.363025	
  0.090756	  0.053782	  0.085714	  0.769748	
  0.270588	  0.000000	  0.000000	  0.729412	
  0.053782	  0.003361	  0.000000	  0.942857	
  0.119328	  0.097479	  0.016807	  0.766387	
  0.117647	  0.126050	  0.366387	  0.389916	
  0.080672	  0.000000	  0.919328	  0.000000	
  0.008403	  0.000000	  0.939496	  0.052101	

