MEME version 4.4

ALPHABET= ACGT

strands: + -

Background letter frequencies (from /mnt/thumper-e1/home/shhuang/projects/dap/analysis.v4/gem07_rep_memechip03/AP2EREBP_tnt/ERF5_colamp_a/background):
A 0.24800 C 0.25200 G 0.25200 T 0.24800 

MOTIF AP2EREBP_tnt.ERF5_colamp_a_m1 MEME

letter-probability matrix: alength= 4 w= 21 nsites= 567 E= 7.2e-1249
  0.153439	  0.492063	  0.156966	  0.197531	
  0.181658	  0.527337	  0.061728	  0.229277	
  0.218695	  0.123457	  0.338624	  0.319224	
  0.047619	  0.578483	  0.190476	  0.183422	
  0.181658	  0.795414	  0.019400	  0.003527	
  0.010582	  0.000000	  0.982363	  0.007055	
  0.001764	  0.982363	  0.015873	  0.000000	
  0.000000	  1.000000	  0.000000	  0.000000	
  0.017637	  0.000000	  0.978836	  0.003527	
  0.003527	  0.895944	  0.007055	  0.093474	
  0.000000	  0.998236	  0.000000	  0.001764	
  0.410935	  0.001764	  0.514991	  0.072310	
  0.102293	  0.532628	  0.067019	  0.298060	
  0.255732	  0.398589	  0.098765	  0.246914	
  0.342152	  0.077601	  0.366843	  0.213404	
  0.185185	  0.488536	  0.126984	  0.199295	
  0.218695	  0.477954	  0.070547	  0.232804	
  0.259259	  0.105820	  0.412698	  0.222222	
  0.153439	  0.449735	  0.176367	  0.220459	
  0.185185	  0.488536	  0.126984	  0.199295	
  0.197531	  0.190476	  0.440917	  0.171076	

