MEME version 4.4

ALPHABET= ACGT

strands: + -

Background letter frequencies (from /mnt/thumper-e1/home/shhuang/projects/dap/analysis.v4/gem07_rep_memechip03/LOBAS2_tnt/LBD23_colamp_a/background):
A 0.27700 C 0.22400 G 0.22400 T 0.27700 

MOTIF LOBAS2_tnt.LBD23_colamp_a_m1 MEME

letter-probability matrix: alength= 4 w= 15 nsites= 600 E= 5.5e-447
  0.401667	  0.115000	  0.338333	  0.145000	
  0.055000	  0.038333	  0.903333	  0.003333	
  0.058333	  0.941667	  0.000000	  0.000000	
  0.083333	  0.023333	  0.770000	  0.123333	
  0.270000	  0.116667	  0.241667	  0.371667	
  0.521667	  0.105000	  0.236667	  0.136667	
  0.616667	  0.076667	  0.168333	  0.138333	
  0.626667	  0.033333	  0.286667	  0.053333	
  0.561667	  0.100000	  0.120000	  0.218333	
  0.226667	  0.203333	  0.183333	  0.386667	
  0.296667	  0.243333	  0.293333	  0.166667	
  0.101667	  0.745000	  0.031667	  0.121667	
  0.000000	  0.003333	  0.975000	  0.021667	
  0.010000	  0.786667	  0.053333	  0.150000	
  0.240000	  0.265000	  0.145000	  0.350000	

