MEME version 4.4

ALPHABET= ACGT

strands: + -

Background letter frequencies (from /mnt/thumper-e1/home/shhuang/projects/dap/analysis.v4/gem07_rep_memechip03/NAC_tnt/ANAC071_col_a/background):
A 0.30800 C 0.19200 G 0.19200 T 0.30800 

MOTIF NAC_tnt.ANAC071_col_a_m1 MEME

letter-probability matrix: alength= 4 w= 15 nsites= 594 E= 1.0e-1009
  0.208754	  0.000000	  0.084175	  0.707071	
  0.505051	  0.065657	  0.340067	  0.089226	
  0.030303	  0.968013	  0.000000	  0.001684	
  0.000000	  0.000000	  0.367003	  0.632997	
  0.000000	  0.000000	  0.000000	  1.000000	
  0.084175	  0.146465	  0.740741	  0.028620	
  0.537037	  0.122896	  0.190236	  0.149832	
  0.449495	  0.124579	  0.309764	  0.116162	
  0.301347	  0.134680	  0.380471	  0.183502	
  0.417508	  0.126263	  0.227273	  0.228956	
  0.350168	  0.102694	  0.132997	  0.414141	
  0.107744	  0.338384	  0.508418	  0.045455	
  0.996633	  0.000000	  0.003367	  0.000000	
  0.861953	  0.134680	  0.003367	  0.000000	
  0.000000	  0.000000	  0.994949	  0.005051	

