MEME version 4.4

ALPHABET= ACGT

strands: + -

Background letter frequencies (from /mnt/thumper-e1/home/shhuang/projects/dap/analysis.v4/gem07_rep_memechip03/C2H2_tnt/IDD4_col_a/background):
A 0.33700 C 0.16300 G 0.16300 T 0.33700 

MOTIF C2H2_tnt.IDD4_col_a_m1 MEME

letter-probability matrix: alength= 4 w= 17 nsites= 591 E= 9.1e-1630
  0.360406	  0.394247	  0.071066	  0.174281	
  0.725888	  0.008460	  0.236887	  0.028765	
  0.096447	  0.423012	  0.409475	  0.071066	
  0.727580	  0.000000	  0.023689	  0.248731	
  0.862944	  0.000000	  0.000000	  0.137056	
  0.795262	  0.049069	  0.131980	  0.023689	
  0.895093	  0.071066	  0.027073	  0.006768	
  0.314721	  0.509306	  0.131980	  0.043993	
  0.027073	  0.000000	  0.972927	  0.000000	
  0.981387	  0.016920	  0.000000	  0.001692	
  0.000000	  1.000000	  0.000000	  0.000000	
  0.989848	  0.000000	  0.010152	  0.000000	
  0.983080	  0.005076	  0.011844	  0.000000	
  0.925550	  0.025381	  0.038917	  0.010152	
  0.758037	  0.040609	  0.059222	  0.142132	
  0.522843	  0.120135	  0.103215	  0.253807	
  0.446701	  0.121827	  0.103215	  0.328257	

