MEME version 4.4

ALPHABET= ACGT

strands: + -

Background letter frequencies (from /mnt/thumper-e1/home/shhuang/projects/dap/analysis.v4/gem07_rep_memechip03/AP2EREBP_tnt/ABR1_colamp_a/background):
A 0.26400 C 0.23600 G 0.23600 T 0.26400 

MOTIF AP2EREBP_tnt.ABR1_colamp_a_m1 MEME

letter-probability matrix: alength= 4 w= 21 nsites= 583 E= 1.9e-1209
  0.255575	  0.351630	  0.109777	  0.283019	
  0.313894	  0.174957	  0.219554	  0.291595	
  0.152659	  0.403087	  0.176672	  0.267581	
  0.202401	  0.518010	  0.080617	  0.198971	
  0.190395	  0.118353	  0.351630	  0.339623	
  0.044597	  0.641509	  0.216123	  0.097770	
  0.188679	  0.802744	  0.008576	  0.000000	
  0.000000	  0.000000	  1.000000	  0.000000	
  0.000000	  1.000000	  0.000000	  0.000000	
  0.000000	  1.000000	  0.000000	  0.000000	
  0.001715	  0.000000	  0.998285	  0.000000	
  0.044597	  0.770154	  0.008576	  0.176672	
  0.406518	  0.547170	  0.000000	  0.046312	
  0.746141	  0.000000	  0.133791	  0.120069	
  0.205832	  0.140652	  0.005146	  0.648370	
  0.255575	  0.205832	  0.051458	  0.487136	
  0.212693	  0.140652	  0.197256	  0.449400	
  0.126930	  0.384220	  0.145798	  0.343053	
  0.217839	  0.384220	  0.169811	  0.228130	
  0.250429	  0.210978	  0.317324	  0.221269	
  0.212693	  0.355060	  0.168096	  0.264151	

