MEME version 4.4

ALPHABET= ACGT

strands: + -

Background letter frequencies (from /mnt/thumper-e1/home/shhuang/projects/dap/analysis.v4/gem07_rep_memechip03/NAC_tnt/ANAC083_col_v3a/background):
A 0.31600 C 0.18400 G 0.18400 T 0.31600 

MOTIF NAC_tnt.ANAC083_col_v3a_m1 MEME

letter-probability matrix: alength= 4 w= 19 nsites= 597 E= 1.5e-1408
  0.105528	  0.028476	  0.010050	  0.855946	
  0.162479	  0.008375	  0.055276	  0.773869	
  0.391960	  0.144054	  0.273032	  0.190955	
  0.033501	  0.966499	  0.000000	  0.000000	
  0.000000	  0.000000	  0.507538	  0.492462	
  0.000000	  0.000000	  0.000000	  1.000000	
  0.226131	  0.134003	  0.608040	  0.031826	
  0.204355	  0.130653	  0.058626	  0.606365	
  0.261307	  0.162479	  0.247906	  0.328308	
  0.252931	  0.249581	  0.211055	  0.286432	
  0.219430	  0.249581	  0.110553	  0.420436	
  0.489112	  0.073702	  0.155779	  0.281407	
  0.005025	  0.567839	  0.023451	  0.403685	
  1.000000	  0.000000	  0.000000	  0.000000	
  0.157454	  0.842546	  0.000000	  0.000000	
  0.001675	  0.000000	  0.914573	  0.083752	
  0.085427	  0.324958	  0.073702	  0.515913	
  0.556114	  0.150754	  0.000000	  0.293132	
  0.783920	  0.013400	  0.001675	  0.201005	

