MEME version 4.4

ALPHABET= ACGT

strands: + -

Background letter frequencies (from /mnt/thumper-e1/home/shhuang/projects/dap/analysis.v4/gem07_rep_memechip03/AP2EREBP_tnt/At4g32800_colamp_a/background):
A 0.30200 C 0.19800 G 0.19800 T 0.30200 

MOTIF AP2EREBP_tnt.At4g32800_colamp_a_m1 MEME

letter-probability matrix: alength= 4 w= 16 nsites= 594 E= 1.2e-1473
  0.336700	  0.138047	  0.272727	  0.252525	
  0.338384	  0.164983	  0.232323	  0.264310	
  0.360269	  0.132997	  0.136364	  0.370370	
  0.383838	  0.048822	  0.161616	  0.405724	
  0.151515	  0.136364	  0.328283	  0.383838	
  0.005051	  0.040404	  0.000000	  0.954545	
  0.000000	  0.000000	  1.000000	  0.000000	
  0.000000	  0.000000	  0.000000	  1.000000	
  0.000000	  1.000000	  0.000000	  0.000000	
  0.000000	  0.000000	  1.000000	  0.000000	
  0.000000	  0.000000	  1.000000	  0.000000	
  0.000000	  0.116162	  0.000000	  0.883838	
  0.067340	  0.030303	  0.843434	  0.058923	
  0.257576	  0.129630	  0.533670	  0.079125	
  0.341751	  0.242424	  0.153199	  0.262626	
  0.277778	  0.134680	  0.292929	  0.294613	

