MEME version 4.4

ALPHABET= ACGT

strands: + -

Background letter frequencies (from /mnt/thumper-e1/home/shhuang/projects/dap/analysis.v4/gem07_rep_memechip03/bZIP_tnt/TGA3_colamp_a/background):
A 0.29500 C 0.20500 G 0.20500 T 0.29500 

MOTIF bZIP_tnt.TGA3_colamp_a_m1 MEME

letter-probability matrix: alength= 4 w= 13 nsites= 533 E= 1.1e-1525
  0.236398	  0.178236	  0.101313	  0.484053	
  0.127580	  0.067542	  0.763602	  0.041276	
  0.525328	  0.328330	  0.146341	  0.000000	
  0.003752	  0.000000	  0.000000	  0.996248	
  0.000000	  0.001876	  0.900563	  0.097561	
  1.000000	  0.000000	  0.000000	  0.000000	
  0.000000	  0.960600	  0.000000	  0.039400	
  0.011257	  0.001876	  0.986867	  0.000000	
  0.000000	  0.000000	  0.000000	  1.000000	
  0.003752	  0.996248	  0.000000	  0.000000	
  1.000000	  0.000000	  0.000000	  0.000000	
  0.005629	  0.399625	  0.129456	  0.465291	
  0.266417	  0.313321	  0.123827	  0.296435	

