MEME version 4.4

ALPHABET= ACGT

strands: + -

Background letter frequencies (from /mnt/thumper-e1/home/shhuang/projects/dap/analysis.v4/gem07_rep_memechip03/NAC_tnt/CUC2_colamp_a/background):
A 0.30500 C 0.19500 G 0.19500 T 0.30500 

MOTIF NAC_tnt.CUC2_colamp_a_m1 MEME

letter-probability matrix: alength= 4 w= 16 nsites= 581 E= 9.7e-1212
  0.163511	  0.005164	  0.001721	  0.829604	
  0.425129	  0.000000	  0.223752	  0.351119	
  0.569707	  0.118761	  0.247849	  0.063683	
  0.017212	  0.981067	  0.000000	  0.001721	
  0.003442	  0.000000	  0.678141	  0.318417	
  0.000000	  0.000000	  0.000000	  1.000000	
  0.239243	  0.024096	  0.731497	  0.005164	
  0.242685	  0.179002	  0.043029	  0.535284	
  0.327022	  0.148021	  0.278830	  0.246127	
  0.292599	  0.180723	  0.290878	  0.235800	
  0.332186	  0.253012	  0.197935	  0.216867	
  0.666093	  0.046472	  0.142857	  0.144578	
  0.010327	  0.781411	  0.117040	  0.091222	
  1.000000	  0.000000	  0.000000	  0.000000	
  0.593804	  0.406196	  0.000000	  0.000000	
  0.000000	  0.000000	  0.982788	  0.017212	

