MEME version 4.4

ALPHABET= ACGT

strands: + -

Background letter frequencies (from /mnt/thumper-e1/home/shhuang/projects/dap/analysis.v4/gem07_rep_memechip03/C2C2dof_tnt/CDF3_colamp_a/background):
A 0.34500 C 0.15500 G 0.15500 T 0.34500 

MOTIF C2C2dof_tnt.CDF3_colamp_a_m1 MEME

letter-probability matrix: alength= 4 w= 18 nsites= 600 E= 3.3e-654
  0.200000	  0.101667	  0.170000	  0.528333	
  0.155000	  0.070000	  0.266667	  0.508333	
  0.136667	  0.463333	  0.018333	  0.381667	
  0.626667	  0.095000	  0.148333	  0.130000	
  0.000000	  1.000000	  0.000000	  0.000000	
  0.000000	  0.055000	  0.000000	  0.945000	
  0.000000	  0.000000	  0.000000	  1.000000	
  0.000000	  0.000000	  0.000000	  1.000000	
  0.126667	  0.033333	  0.021667	  0.818333	
  0.128333	  0.183333	  0.116667	  0.571667	
  0.191667	  0.338333	  0.201667	  0.268333	
  0.266667	  0.260000	  0.135000	  0.338333	
  0.130000	  0.336667	  0.121667	  0.411667	
  0.116667	  0.220000	  0.076667	  0.586667	
  0.076667	  0.148333	  0.043333	  0.731667	
  0.080000	  0.161667	  0.038333	  0.720000	
  0.121667	  0.133333	  0.063333	  0.681667	
  0.176667	  0.126667	  0.130000	  0.566667	

