MEME version 4.4

ALPHABET= ACGT

strands: + -

Background letter frequencies (from /mnt/thumper-e1/home/shhuang/projects/dap/analysis.v4/gem07_rep_memechip03/LOBAS2_tnt/LBD13_colamp_a/background):
A 0.26900 C 0.23100 G 0.23100 T 0.26900 

MOTIF LOBAS2_tnt.LBD13_colamp_a_m1 MEME

letter-probability matrix: alength= 4 w= 15 nsites= 598 E= 2.7e-1058
  0.056856	  0.826087	  0.006689	  0.110368	
  0.056856	  0.010033	  0.847826	  0.085284	
  0.006689	  0.351171	  0.642140	  0.000000	
  0.028428	  0.971572	  0.000000	  0.000000	
  0.038462	  0.000000	  0.936455	  0.025084	
  0.193980	  0.183946	  0.468227	  0.153846	
  0.498328	  0.157191	  0.177258	  0.167224	
  0.409699	  0.023411	  0.284281	  0.282609	
  0.376254	  0.058528	  0.192308	  0.372910	
  0.314381	  0.147157	  0.030100	  0.508361	
  0.182274	  0.143813	  0.235786	  0.438127	
  0.250836	  0.188963	  0.428094	  0.132107	
  0.075251	  0.832776	  0.001672	  0.090301	
  0.000000	  0.000000	  1.000000	  0.000000	
  0.001672	  0.066890	  0.928094	  0.003344	

