MEME version 4.4

ALPHABET= ACGT

strands: + -

Background letter frequencies (from /mnt/thumper-e1/home/shhuang/projects/dap/analysis.v4/gem07_rep_memechip03/G2like_tnt/At3g12730_col_a/background):
A 0.31300 C 0.18700 G 0.18700 T 0.31300 

MOTIF G2like_tnt.At3g12730_col_a_m1 MEME

letter-probability matrix: alength= 4 w= 14 nsites= 105 E= 4.9e-186
  0.514286	  0.133333	  0.219048	  0.133333	
  0.638095	  0.085714	  0.114286	  0.161905	
  0.761905	  0.028571	  0.161905	  0.047619	
  0.409524	  0.152381	  0.419048	  0.019048	
  0.400000	  0.095238	  0.504762	  0.000000	
  0.038095	  0.000000	  0.961905	  0.000000	
  0.942857	  0.000000	  0.009524	  0.047619	
  1.000000	  0.000000	  0.000000	  0.000000	
  0.000000	  0.000000	  0.009524	  0.990476	
  0.790476	  0.209524	  0.000000	  0.000000	
  0.000000	  0.000000	  0.000000	  1.000000	
  0.028571	  0.000000	  0.000000	  0.971429	
  0.000000	  0.819048	  0.000000	  0.180952	
  0.066667	  0.419048	  0.133333	  0.380952	

