MEME version 4.4

ALPHABET= ACGT

strands: + -

Background letter frequencies (from /mnt/thumper-e1/home/shhuang/projects/dap/analysis.v4/gem07_rep_memechip03/AP2EREBP_tnt/At5g65130_col_a/background):
A 0.23000 C 0.27000 G 0.27000 T 0.23000 

MOTIF AP2EREBP_tnt.At5g65130_col_a_m1 MEME

letter-probability matrix: alength= 4 w= 15 nsites= 578 E= 1.1e-1024
  0.084775	  0.636678	  0.086505	  0.192042	
  0.140138	  0.676471	  0.038062	  0.145329	
  0.366782	  0.115917	  0.271626	  0.245675	
  0.038062	  0.641869	  0.076125	  0.243945	
  0.072664	  0.802768	  0.031142	  0.093426	
  0.269896	  0.003460	  0.389273	  0.337370	
  0.034602	  0.861592	  0.044983	  0.058824	
  0.001730	  0.982699	  0.012111	  0.003460	
  0.410035	  0.001730	  0.577855	  0.010381	
  0.005190	  0.994810	  0.000000	  0.000000	
  0.000000	  1.000000	  0.000000	  0.000000	
  0.089965	  0.003460	  0.873702	  0.032872	
  0.122837	  0.693772	  0.012111	  0.171280	
  0.051903	  0.856401	  0.000000	  0.091696	
  0.482699	  0.129758	  0.188581	  0.198962	

