MEME version 4.4

ALPHABET= ACGT

strands: + -

Background letter frequencies (from /mnt/thumper-e1/home/shhuang/projects/dap/analysis.v4/gem07_rep_memechip03/AP2EREBP_tnt/Rap210_colamp_a/background):
A 0.29100 C 0.20900 G 0.20900 T 0.29100 

MOTIF AP2EREBP_tnt.Rap210_colamp_a_m1 MEME

letter-probability matrix: alength= 4 w= 14 nsites= 596 E= 6.8e-994
  0.307047	  0.127517	  0.191275	  0.374161	
  0.191275	  0.154362	  0.250000	  0.404362	
  0.021812	  0.105705	  0.005034	  0.867450	
  0.000000	  0.000000	  1.000000	  0.000000	
  0.000000	  0.000000	  0.001678	  0.998322	
  0.000000	  1.000000	  0.000000	  0.000000	
  0.000000	  0.000000	  1.000000	  0.000000	
  0.075503	  0.000000	  0.924497	  0.000000	
  0.000000	  0.677852	  0.000000	  0.322148	
  0.456376	  0.147651	  0.255034	  0.140940	
  0.431208	  0.073826	  0.360738	  0.134228	
  0.427852	  0.243289	  0.142617	  0.186242	
  0.302013	  0.189597	  0.261745	  0.246644	
  0.359060	  0.145973	  0.263423	  0.231544	

