MEME version 4.4

ALPHABET= ACGT

strands: + -

Background letter frequencies (from /mnt/thumper-e1/home/shhuang/projects/dap/analysis.v4/gem07_rep_memechip03/NAC_tnt/VND1_col_a/background):
A 0.30800 C 0.19200 G 0.19200 T 0.30800 

MOTIF NAC_tnt.VND1_col_a_m1 MEME

letter-probability matrix: alength= 4 w= 13 nsites= 597 E= 6.4e-580
  0.030151	  0.969849	  0.000000	  0.000000	
  0.000000	  0.000000	  0.340034	  0.659966	
  0.000000	  0.000000	  0.000000	  1.000000	
  0.199330	  0.195980	  0.551089	  0.053601	
  0.321608	  0.159129	  0.128978	  0.390285	
  0.410385	  0.110553	  0.217755	  0.261307	
  0.274707	  0.211055	  0.216080	  0.298157	
  0.229481	  0.246231	  0.110553	  0.413735	
  0.269682	  0.139028	  0.219430	  0.371859	
  0.031826	  0.554439	  0.082077	  0.331658	
  1.000000	  0.000000	  0.000000	  0.000000	
  0.480737	  0.519263	  0.000000	  0.000000	
  0.000000	  0.000000	  0.938023	  0.061977	

