MEME version 4.4

ALPHABET= ACGT

strands: + -

Background letter frequencies (from /mnt/thumper-e1/home/shhuang/projects/dap/analysis.v4/gem07_rep_memechip03/AP2EREBP_tnt/At5g67000_col_a/background):
A 0.26000 C 0.24000 G 0.24000 T 0.26000 

MOTIF AP2EREBP_tnt.At5g67000_col_a_m1 MEME

letter-probability matrix: alength= 4 w= 15 nsites= 138 E= 4.5e-077
  0.246377	  0.340580	  0.108696	  0.304348	
  0.188406	  0.144928	  0.304348	  0.362319	
  0.282609	  0.050725	  0.413043	  0.253623	
  0.289855	  0.217391	  0.101449	  0.391304	
  0.072464	  0.253623	  0.115942	  0.557971	
  0.398551	  0.000000	  0.579710	  0.021739	
  0.000000	  0.869565	  0.000000	  0.130435	
  0.000000	  0.000000	  0.985507	  0.014493	
  0.000000	  0.000000	  1.000000	  0.000000	
  0.000000	  0.768116	  0.000000	  0.231884	
  0.000000	  0.021739	  0.644928	  0.333333	
  0.181159	  0.000000	  0.768116	  0.050725	
  0.297101	  0.384058	  0.065217	  0.253623	
  0.000000	  0.072464	  0.659420	  0.268116	
  0.181159	  0.188406	  0.485507	  0.144928	

