MEME version 4.4

ALPHABET= ACGT

strands: + -

Background letter frequencies (from /mnt/thumper-e1/home/shhuang/projects/dap/analysis.v4/gem07_rep_memechip03/MYB_tnt/MYB49_col_a/background):
A 0.33000 C 0.17000 G 0.17000 T 0.33000 

MOTIF MYB_tnt.MYB49_col_a_m1 MEME

letter-probability matrix: alength= 4 w= 15 nsites= 598 E= 1.0e-801
  0.244147	  0.207358	  0.030100	  0.518395	
  0.356187	  0.118729	  0.147157	  0.377926	
  0.120401	  0.135452	  0.471572	  0.272575	
  0.076923	  0.275920	  0.163880	  0.483278	
  0.065217	  0.254181	  0.055184	  0.625418	
  0.038462	  0.540134	  0.102007	  0.319398	
  0.983278	  0.000000	  0.015050	  0.001672	
  0.132107	  0.852843	  0.010033	  0.005017	
  0.000000	  1.000000	  0.000000	  0.000000	
  0.284281	  0.013378	  0.005017	  0.697324	
  1.000000	  0.000000	  0.000000	  0.000000	
  0.488294	  0.500000	  0.000000	  0.011706	
  0.100334	  0.523411	  0.005017	  0.371237	
  0.312709	  0.051839	  0.000000	  0.635452	
  0.317726	  0.157191	  0.061873	  0.463211	

