MEME version 4.4

ALPHABET= ACGT

strands: + -

Background letter frequencies (from /mnt/thumper-e1/home/shhuang/projects/dap/analysis.v4/gem07_rep_memechip03/WRKY_tnt/WRKY27_col_a/background):
A 0.31700 C 0.18300 G 0.18300 T 0.31700 

MOTIF WRKY_tnt.WRKY27_col_a_m1 MEME

letter-probability matrix: alength= 4 w= 13 nsites= 600 E= 8.1e-1550
  0.463333	  0.108333	  0.215000	  0.213333	
  0.221667	  0.208333	  0.278333	  0.291667	
  0.285000	  0.575000	  0.080000	  0.060000	
  0.005000	  0.001667	  0.923333	  0.070000	
  0.000000	  0.000000	  0.000000	  1.000000	
  0.000000	  0.000000	  0.000000	  1.000000	
  0.000000	  0.000000	  1.000000	  0.000000	
  0.991667	  0.000000	  0.005000	  0.003333	
  0.000000	  1.000000	  0.000000	  0.000000	
  0.010000	  0.033333	  0.000000	  0.956667	
  0.076667	  0.016667	  0.003333	  0.903333	
  0.071667	  0.056667	  0.003333	  0.868333	
  0.116667	  0.106667	  0.148333	  0.628333	

