MEME version 4.4

ALPHABET= ACGT

strands: + -

Background letter frequencies (from /mnt/thumper-e1/home/shhuang/projects/dap/analysis.v4/gem07_rep_memechip03/Trihelix_tnt/AT1G76870_col_b/background):
A 0.31700 C 0.18300 G 0.18300 T 0.31700 

MOTIF Trihelix_tnt.AT1G76870_col_b_m1 MEME

letter-probability matrix: alength= 4 w= 14 nsites= 456 E= 7.3e-478
  0.458333	  0.206140	  0.116228	  0.219298	
  0.478070	  0.140351	  0.129386	  0.252193	
  0.379386	  0.278509	  0.142544	  0.199561	
  0.190789	  0.379386	  0.160088	  0.269737	
  0.629386	  0.046053	  0.006579	  0.317982	
  0.956140	  0.010965	  0.010965	  0.021930	
  0.916667	  0.000000	  0.004386	  0.078947	
  0.982456	  0.013158	  0.000000	  0.004386	
  0.013158	  0.986842	  0.000000	  0.000000	
  0.000000	  0.991228	  0.000000	  0.008772	
  0.383772	  0.008772	  0.563596	  0.043860	
  0.089912	  0.328947	  0.486842	  0.094298	
  0.388158	  0.155702	  0.116228	  0.339912	
  0.502193	  0.100877	  0.076754	  0.320175	

