MEME version 4.4

ALPHABET= ACGT

strands: + -

Background letter frequencies (from /mnt/thumper-e1/home/shhuang/projects/dap/analysis.v4/gem07_rep_memechip03/MYBrelated_tnt/TBP3_colamp_a/background):
A 0.32100 C 0.17900 G 0.17900 T 0.32100 

MOTIF MYBrelated_tnt.TBP3_colamp_a_m1 MEME

letter-probability matrix: alength= 4 w= 19 nsites= 255 E= 1.3e-443
  0.333333	  0.094118	  0.372549	  0.200000	
  0.603922	  0.027451	  0.278431	  0.090196	
  0.376471	  0.035294	  0.223529	  0.364706	
  0.007843	  0.082353	  0.003922	  0.905882	
  0.000000	  0.003922	  0.011765	  0.984314	
  0.909804	  0.019608	  0.070588	  0.000000	
  0.011765	  0.050980	  0.937255	  0.000000	
  0.039216	  0.011765	  0.929412	  0.019608	
  0.015686	  0.003922	  0.937255	  0.043137	
  0.000000	  0.258824	  0.011765	  0.729412	
  0.211765	  0.007843	  0.007843	  0.772549	
  0.192157	  0.137255	  0.015686	  0.654902	
  0.509804	  0.149020	  0.145098	  0.196078	
  0.298039	  0.090196	  0.325490	  0.286275	
  0.250980	  0.074510	  0.376471	  0.298039	
  0.239216	  0.101961	  0.258824	  0.400000	
  0.211765	  0.129412	  0.117647	  0.541176	
  0.109804	  0.188235	  0.152941	  0.549020	
  0.172549	  0.082353	  0.250980	  0.494118	

