MEME version 4.4

ALPHABET= ACGT

strands: + -

Background letter frequencies (from /mnt/thumper-e1/home/shhuang/projects/dap/analysis.v4/gem07_rep_memechip03/AP2EREBP_tnt/DEAR2_col_a/background):
A 0.25300 C 0.24700 G 0.24700 T 0.25300 

MOTIF AP2EREBP_tnt.DEAR2_col_a_m1 MEME

letter-probability matrix: alength= 4 w= 15 nsites= 600 E= 2.4e-1045
  0.141667	  0.481667	  0.116667	  0.260000	
  0.163333	  0.495000	  0.115000	  0.226667	
  0.335000	  0.155000	  0.270000	  0.240000	
  0.175000	  0.448333	  0.093333	  0.283333	
  0.201667	  0.561667	  0.066667	  0.170000	
  0.303333	  0.053333	  0.335000	  0.308333	
  0.081667	  0.576667	  0.076667	  0.265000	
  0.045000	  0.950000	  0.003333	  0.001667	
  0.826667	  0.000000	  0.173333	  0.000000	
  0.000000	  0.998333	  0.000000	  0.001667	
  0.001667	  0.998333	  0.000000	  0.000000	
  0.006667	  0.000000	  0.993333	  0.000000	
  0.561667	  0.260000	  0.005000	  0.173333	
  0.005000	  0.990000	  0.005000	  0.000000	
  0.618333	  0.106667	  0.141667	  0.133333	

