MEME version 4.4

ALPHABET= ACGT

strands: + -

Background letter frequencies (from /mnt/thumper-e1/home/shhuang/projects/dap/analysis.v4/gem07_rep_memechip03/Trihelix_tnt/AT3G58630_colamp_a/background):
A 0.26200 C 0.23800 G 0.23800 T 0.26200 

MOTIF Trihelix_tnt.AT3G58630_colamp_a_m1 MEME

letter-probability matrix: alength= 4 w= 15 nsites= 532 E= 9.1e-830
  0.355263	  0.212406	  0.218045	  0.214286	
  0.372180	  0.231203	  0.120301	  0.276316	
  0.360902	  0.080827	  0.148496	  0.409774	
  0.201128	  0.109023	  0.120301	  0.569549	
  0.030075	  0.689850	  0.015038	  0.265038	
  0.043233	  0.016917	  0.114662	  0.825188	
  0.001880	  0.992481	  0.000000	  0.005639	
  0.000000	  1.000000	  0.000000	  0.000000	
  0.000000	  0.000000	  1.000000	  0.000000	
  0.018797	  0.011278	  0.960526	  0.009398	
  0.001880	  0.817669	  0.011278	  0.169173	
  0.124060	  0.037594	  0.755639	  0.082707	
  0.672932	  0.084586	  0.144737	  0.097744	
  0.210526	  0.406015	  0.197368	  0.186090	
  0.270677	  0.139098	  0.372180	  0.218045	

