MEME version 4.4

ALPHABET= ACGT

strands: + -

Background letter frequencies (from /mnt/thumper-e1/home/shhuang/projects/dap/analysis.v4/gem07_rep_memechip03/Homeobox_tnt/HAT1_col_a/background):
A 0.34300 C 0.15700 G 0.15700 T 0.34300 

MOTIF Homeobox_tnt.HAT1_col_a_m1 MEME

letter-probability matrix: alength= 4 w= 15 nsites= 218 E= 7.4e-245
  0.178899	  0.357798	  0.201835	  0.261468	
  0.238532	  0.284404	  0.087156	  0.389908	
  0.839450	  0.004587	  0.000000	  0.155963	
  1.000000	  0.000000	  0.000000	  0.000000	
  0.000000	  0.000000	  0.000000	  1.000000	
  0.000000	  0.064220	  0.876147	  0.059633	
  1.000000	  0.000000	  0.000000	  0.000000	
  0.000000	  0.000000	  0.000000	  1.000000	
  0.000000	  0.000000	  0.000000	  1.000000	
  0.481651	  0.000000	  0.518349	  0.000000	
  0.256881	  0.183486	  0.366972	  0.192661	
  0.266055	  0.142202	  0.128440	  0.463303	
  0.412844	  0.105505	  0.073394	  0.408257	
  0.518349	  0.110092	  0.151376	  0.220183	
  0.403670	  0.050459	  0.100917	  0.444954	

