MEME version 4.4

ALPHABET= ACGT

strands: + -

Background letter frequencies (from /mnt/thumper-e1/home/shhuang/projects/dap/analysis.v4/gem07_rep_memechip03/TCP_tnt/At1g72010_col/background):
A 0.28700 C 0.21300 G 0.21300 T 0.28700 

MOTIF TCP_tnt.At1g72010_col_m1 MEME

letter-probability matrix: alength= 4 w= 13 nsites= 595 E= 1.1e-1511
  0.381513	  0.156303	  0.183193	  0.278992	
  0.277311	  0.146218	  0.188235	  0.388235	
  0.020168	  0.003361	  0.976471	  0.000000	
  0.000000	  0.042017	  0.000000	  0.957983	
  0.001681	  0.000000	  0.998319	  0.000000	
  0.000000	  0.000000	  1.000000	  0.000000	
  0.095798	  0.005042	  0.862185	  0.036975	
  0.289076	  0.381513	  0.097479	  0.231933	
  0.000000	  1.000000	  0.000000	  0.000000	
  0.001681	  0.998319	  0.000000	  0.000000	
  0.075630	  0.737815	  0.015126	  0.171429	
  0.741176	  0.042017	  0.146218	  0.070588	
  0.085714	  0.539496	  0.117647	  0.257143	

