MEME version 4.4

ALPHABET= ACGT

strands: + -

Background letter frequencies (from /mnt/thumper-e1/home/shhuang/projects/dap/analysis.v4/gem07_rep_memechip03/MYB_tnt/MYB107_colamp_a/background):
A 0.31500 C 0.18500 G 0.18500 T 0.31500 

MOTIF MYB_tnt.MYB107_colamp_a_m1 MEME

letter-probability matrix: alength= 4 w= 14 nsites= 595 E= 2.4e-778
  0.324370	  0.147899	  0.030252	  0.497479	
  0.321008	  0.146218	  0.226891	  0.305882	
  0.114286	  0.189916	  0.468908	  0.226891	
  0.067227	  0.299160	  0.134454	  0.499160	
  0.075630	  0.284034	  0.065546	  0.574790	
  0.038655	  0.610084	  0.085714	  0.265546	
  1.000000	  0.000000	  0.000000	  0.000000	
  0.169748	  0.816807	  0.008403	  0.005042	
  0.000000	  1.000000	  0.000000	  0.000000	
  0.361345	  0.058824	  0.005042	  0.574790	
  0.998319	  0.000000	  0.001681	  0.000000	
  0.408403	  0.591597	  0.000000	  0.000000	
  0.016807	  0.684034	  0.000000	  0.299160	
  0.359664	  0.174790	  0.065546	  0.400000	

