MEME version 4.4

ALPHABET= ACGT

strands: + -

Background letter frequencies (from /mnt/thumper-e1/home/shhuang/projects/dap/analysis.v4/gem07_rep_memechip03/NAC_tnt/ANAC050_col_v3a/background):
A 0.31200 C 0.18800 G 0.18800 T 0.31200 

MOTIF NAC_tnt.ANAC050_col_v3a_m1 MEME

letter-probability matrix: alength= 4 w= 16 nsites= 599 E= 2.0e-1632
  0.000000	  1.000000	  0.000000	  0.000000	
  0.000000	  0.000000	  0.113523	  0.886477	
  0.000000	  0.000000	  0.000000	  1.000000	
  0.010017	  0.013356	  0.976628	  0.000000	
  0.133556	  0.297162	  0.155259	  0.414023	
  0.298831	  0.145242	  0.385643	  0.170284	
  0.315526	  0.203673	  0.143573	  0.337229	
  0.292154	  0.323873	  0.083472	  0.300501	
  0.492487	  0.096828	  0.307179	  0.103506	
  0.001669	  0.878130	  0.046745	  0.073456	
  1.000000	  0.000000	  0.000000	  0.000000	
  0.736227	  0.263773	  0.000000	  0.000000	
  0.000000	  0.000000	  1.000000	  0.000000	
  0.100167	  0.176962	  0.163606	  0.559265	
  0.425710	  0.213689	  0.000000	  0.360601	
  0.908180	  0.000000	  0.000000	  0.091820	

