MEME version 4.4

ALPHABET= ACGT

strands: + -

Background letter frequencies (from /mnt/thumper-e1/home/shhuang/projects/dap/analysis.v4/gem07_rep_memechip03/AP2EREBP_tnt/AT1G01250_col_a/background):
A 0.27800 C 0.22200 G 0.22200 T 0.27800 

MOTIF AP2EREBP_tnt.AT1G01250_col_a_m1 MEME

letter-probability matrix: alength= 4 w= 15 nsites= 572 E= 1.9e-1222
  0.281469	  0.131119	  0.388112	  0.199301	
  0.298951	  0.157343	  0.293706	  0.250000	
  0.340909	  0.202797	  0.110140	  0.346154	
  0.356643	  0.082168	  0.216783	  0.344406	
  0.180070	  0.127622	  0.321678	  0.370629	
  0.020979	  0.111888	  0.012238	  0.854895	
  0.000000	  0.000000	  1.000000	  0.000000	
  0.069930	  0.001748	  0.045455	  0.882867	
  0.000000	  1.000000	  0.000000	  0.000000	
  0.000000	  0.000000	  1.000000	  0.000000	
  0.000000	  0.000000	  1.000000	  0.000000	
  0.001748	  0.080420	  0.000000	  0.917832	
  0.029720	  0.012238	  0.944056	  0.013986	
  0.283217	  0.117133	  0.538462	  0.061189	
  0.288462	  0.260490	  0.122378	  0.328671	

