MEME version 4.4

ALPHABET= ACGT

strands: + -

Background letter frequencies (from /mnt/thumper-e1/home/shhuang/projects/dap/analysis.v4/gem07_rep_memechip03/SBP_tnt/SPL15_colamp_a/background):
A 0.30800 C 0.19200 G 0.19200 T 0.30800 

MOTIF SBP_tnt.SPL15_colamp_a_m1 MEME

letter-probability matrix: alength= 4 w= 15 nsites= 588 E= 2.7e-1323
  0.387755	  0.137755	  0.125850	  0.348639	
  0.299320	  0.173469	  0.159864	  0.367347	
  0.239796	  0.207483	  0.173469	  0.379252	
  0.185374	  0.215986	  0.185374	  0.413265	
  0.251701	  0.015306	  0.421769	  0.311224	
  0.086735	  0.000000	  0.011905	  0.901361	
  0.011905	  0.986395	  0.000000	  0.001701	
  0.013605	  0.986395	  0.000000	  0.000000	
  0.000000	  0.000000	  1.000000	  0.000000	
  0.000000	  0.000000	  0.000000	  1.000000	
  1.000000	  0.000000	  0.000000	  0.000000	
  0.000000	  1.000000	  0.000000	  0.000000	
  0.780612	  0.034014	  0.147959	  0.037415	
  0.503401	  0.130952	  0.207483	  0.158163	
  0.251701	  0.166667	  0.090136	  0.491497	

