MEME version 4.4

ALPHABET= ACGT

strands: + -

Background letter frequencies (from /mnt/thumper-e1/home/shhuang/projects/dap/analysis.v4/gem07_rep_memechip03/MYB_tnt/MYB107_col_a/background):
A 0.32800 C 0.17200 G 0.17200 T 0.32800 

MOTIF MYB_tnt.MYB107_col_a_m1 MEME

letter-probability matrix: alength= 4 w= 18 nsites= 600 E= 9.4e-826
  0.383333	  0.063333	  0.225000	  0.328333	
  0.416667	  0.058333	  0.148333	  0.376667	
  0.336667	  0.000000	  0.625000	  0.038333	
  0.001667	  0.000000	  0.581667	  0.416667	
  0.000000	  0.000000	  0.000000	  1.000000	
  0.570000	  0.008333	  0.070000	  0.351667	
  0.000000	  0.000000	  1.000000	  0.000000	
  0.018333	  0.003333	  0.780000	  0.198333	
  0.000000	  0.003333	  0.000000	  0.996667	
  0.221667	  0.111667	  0.620000	  0.046667	
  0.621667	  0.051667	  0.255000	  0.071667	
  0.473333	  0.196667	  0.256667	  0.073333	
  0.208333	  0.533333	  0.160000	  0.098333	
  0.323333	  0.231667	  0.105000	  0.340000	
  0.586667	  0.030000	  0.145000	  0.238333	
  0.376667	  0.223333	  0.120000	  0.280000	
  0.233333	  0.296667	  0.125000	  0.345000	
  0.213333	  0.173333	  0.230000	  0.383333	

