MEME version 4.4

ALPHABET= ACGT

strands: + -

Background letter frequencies (from /mnt/thumper-e1/home/shhuang/projects/dap/analysis.v4/gem07_rep_memechip03/AP2EREBP_tnt/At4g16750_colamp_a/background):
A 0.29400 C 0.20600 G 0.20600 T 0.29400 

MOTIF AP2EREBP_tnt.At4g16750_colamp_a_m1 MEME

letter-probability matrix: alength= 4 w= 17 nsites= 251 E= 4.5e-508
  0.402390	  0.019920	  0.179283	  0.398406	
  0.131474	  0.111554	  0.382470	  0.374502	
  0.003984	  0.051793	  0.003984	  0.940239	
  0.003984	  0.000000	  0.996016	  0.000000	
  0.000000	  0.000000	  0.000000	  1.000000	
  0.000000	  0.996016	  0.003984	  0.000000	
  0.003984	  0.000000	  0.996016	  0.000000	
  0.015936	  0.000000	  0.976096	  0.007968	
  0.000000	  0.151394	  0.003984	  0.844622	
  0.095618	  0.055777	  0.788845	  0.059761	
  0.235060	  0.087649	  0.585657	  0.091633	
  0.414343	  0.302789	  0.127490	  0.155378	
  0.310757	  0.151394	  0.298805	  0.239044	
  0.302789	  0.135458	  0.282869	  0.278884	
  0.294821	  0.227092	  0.167331	  0.310757	
  0.298805	  0.139442	  0.298805	  0.262948	
  0.354582	  0.127490	  0.282869	  0.235060	

