MEME version 4.4

ALPHABET= ACGT

strands: + -

Background letter frequencies (from /mnt/thumper-e1/home/shhuang/projects/dap/analysis.v4/gem07_rep_memechip03/MYB_tnt/MYB94_col_b/background):
A 0.30400 C 0.19600 G 0.19600 T 0.30400 

MOTIF MYB_tnt.MYB94_col_b_m1 MEME

letter-probability matrix: alength= 4 w= 19 nsites= 567 E= 3.7e-929
  0.291005	  0.137566	  0.262787	  0.308642	
  0.335097	  0.137566	  0.257496	  0.269841	
  0.317460	  0.102293	  0.361552	  0.218695	
  0.379189	  0.086420	  0.266314	  0.268078	
  0.544974	  0.044092	  0.081129	  0.329806	
  0.366843	  0.000000	  0.582011	  0.051146	
  0.022928	  0.000000	  0.851852	  0.125220	
  0.007055	  0.017637	  0.000000	  0.975309	
  0.502646	  0.001764	  0.453263	  0.042328	
  0.000000	  0.000000	  1.000000	  0.000000	
  0.000000	  0.000000	  0.211640	  0.788360	
  0.000000	  0.000000	  0.001764	  0.998236	
  0.068783	  0.000000	  0.931217	  0.000000	
  0.266314	  0.054674	  0.571429	  0.107584	
  0.252205	  0.105820	  0.455026	  0.186949	
  0.463845	  0.109347	  0.301587	  0.125220	
  0.342152	  0.164021	  0.301587	  0.192240	
  0.345679	  0.098765	  0.261023	  0.294533	
  0.282187	  0.105820	  0.211640	  0.400353	

