MEME version 4.4

ALPHABET= ACGT

strands: + -

Background letter frequencies (from /mnt/thumper-e1/home/shhuang/projects/dap/analysis.v4/gem07_rep_memechip03/C3H_tnt/CDM1_colamp_a/background):
A 0.29700 C 0.20300 G 0.20300 T 0.29700 

MOTIF C3H_tnt.CDM1_colamp_a_m1 MEME

letter-probability matrix: alength= 4 w= 15 nsites= 599 E= 1.8e-1492
  0.025042	  0.759599	  0.208681	  0.006678	
  0.001669	  0.998331	  0.000000	  0.000000	
  0.001669	  0.000000	  0.941569	  0.056761	
  0.874791	  0.008347	  0.075125	  0.041736	
  0.537563	  0.106845	  0.160267	  0.195326	
  0.869783	  0.013356	  0.045075	  0.071786	
  0.928214	  0.001669	  0.018364	  0.051753	
  0.584307	  0.036728	  0.051753	  0.327212	
  0.400668	  0.161937	  0.166945	  0.270451	
  0.088481	  0.171953	  0.050083	  0.689482	
  0.088481	  0.911519	  0.000000	  0.000000	
  0.000000	  0.000000	  1.000000	  0.000000	
  0.003339	  0.153589	  0.829716	  0.013356	
  0.530885	  0.083472	  0.200334	  0.185309	
  0.353923	  0.123539	  0.295492	  0.227045	

