MEME version 4.4

ALPHABET= ACGT

strands: + -

Background letter frequencies (from /mnt/thumper-e1/home/shhuang/projects/dap/analysis.v4/gem07_rep_memechip03/E2FDP_tnt/DEL2_col_a/background):
A 0.33600 C 0.16400 G 0.16400 T 0.33600 

MOTIF E2FDP_tnt.DEL2_col_a_m1 MEME

letter-probability matrix: alength= 4 w= 20 nsites= 576 E= 5.4e-2677
  0.333333	  0.043403	  0.192708	  0.430556	
  0.406250	  0.043403	  0.097222	  0.453125	
  0.550347	  0.039931	  0.112847	  0.296875	
  0.321181	  0.239583	  0.085069	  0.354167	
  0.312500	  0.050347	  0.288194	  0.348958	
  0.227431	  0.031250	  0.178819	  0.562500	
  0.105903	  0.019097	  0.036458	  0.838542	
  0.065972	  0.005208	  0.006944	  0.921875	
  0.048611	  0.006944	  0.020833	  0.923611	
  0.036458	  0.000000	  0.020833	  0.942708	
  0.012153	  0.012153	  0.954861	  0.020833	
  0.003472	  0.000000	  0.996528	  0.000000	
  0.026042	  0.954861	  0.000000	  0.019097	
  0.008681	  0.000000	  0.991319	  0.000000	
  0.000000	  0.013889	  0.982639	  0.003472	
  0.057292	  0.010417	  0.923611	  0.008681	
  0.989583	  0.000000	  0.010417	  0.000000	
  0.980903	  0.003472	  0.012153	  0.003472	
  0.914931	  0.026042	  0.020833	  0.038194	
  0.692708	  0.071181	  0.031250	  0.204861	

