MEME version 4.4

ALPHABET= ACGT

strands: + -

Background letter frequencies (from /mnt/thumper-e1/home/shhuang/projects/dap/analysis.v4/gem07_rep_memechip03/MYB_tnt/MYB57_col_a/background):
A 0.33000 C 0.17000 G 0.17000 T 0.33000 

MOTIF MYB_tnt.MYB57_col_a_m1 MEME

letter-probability matrix: alength= 4 w= 14 nsites= 597 E= 1.2e-1383
  0.127303	  0.333333	  0.088777	  0.450586	
  0.182580	  0.252931	  0.135678	  0.428811	
  0.000000	  0.033501	  0.036851	  0.929648	
  0.837521	  0.000000	  0.162479	  0.000000	
  0.000000	  1.000000	  0.000000	  0.000000	
  0.000000	  1.000000	  0.000000	  0.000000	
  0.003350	  0.000000	  0.000000	  0.996650	
  1.000000	  0.000000	  0.000000	  0.000000	
  1.000000	  0.000000	  0.000000	  0.000000	
  0.001675	  0.809045	  0.000000	  0.189280	
  0.073702	  0.095477	  0.000000	  0.830821	
  0.159129	  0.212730	  0.033501	  0.594640	
  0.222781	  0.180905	  0.093802	  0.502513	
  0.286432	  0.147404	  0.112228	  0.453936	

