MEME version 4.4

ALPHABET= ACGT

strands: + -

Background letter frequencies (from /mnt/thumper-e1/home/shhuang/projects/dap/analysis.v4/gem07_rep_memechip03/BZR_tnt/At4g36780_colamp_a/background):
A 0.28800 C 0.21200 G 0.21200 T 0.28800 

MOTIF BZR_tnt.At4g36780_colamp_a_m1 MEME

letter-probability matrix: alength= 4 w= 14 nsites= 236 E= 1.4e-558
  0.228814	  0.211864	  0.110169	  0.449153	
  0.042373	  0.686441	  0.110169	  0.161017	
  0.512712	  0.050847	  0.415254	  0.021186	
  0.000000	  0.983051	  0.000000	  0.016949	
  1.000000	  0.000000	  0.000000	  0.000000	
  0.000000	  1.000000	  0.000000	  0.000000	
  0.000000	  0.000000	  1.000000	  0.000000	
  0.000000	  0.000000	  0.000000	  1.000000	
  0.000000	  0.008475	  0.987288	  0.004237	
  0.000000	  0.444915	  0.000000	  0.555085	
  0.283898	  0.000000	  0.703390	  0.012712	
  0.152542	  0.415254	  0.317797	  0.114407	
  0.385593	  0.245763	  0.194915	  0.173729	
  0.097458	  0.165254	  0.165254	  0.572034	

