MEME version 4.4

ALPHABET= ACGT

strands: + -

Background letter frequencies (from /mnt/thumper-e1/home/shhuang/projects/dap/analysis.v4/gem07_rep_memechip03/NAC_tnt/SND2_colamp_a/background):
A 0.29700 C 0.20300 G 0.20300 T 0.29700 

MOTIF NAC_tnt.SND2_colamp_a_m1 MEME

letter-probability matrix: alength= 4 w= 15 nsites= 596 E= 3.9e-994
  0.615772	  0.011745	  0.142617	  0.229866	
  0.296980	  0.046980	  0.567114	  0.088926	
  0.045302	  0.932886	  0.000000	  0.021812	
  0.000000	  0.000000	  0.768456	  0.231544	
  0.000000	  0.000000	  0.000000	  1.000000	
  0.345638	  0.088926	  0.555369	  0.010067	
  0.518456	  0.057047	  0.003356	  0.421141	
  0.281879	  0.203020	  0.219799	  0.295302	
  0.157718	  0.244966	  0.422819	  0.174497	
  0.380872	  0.196309	  0.208054	  0.214765	
  0.505034	  0.030201	  0.124161	  0.340604	
  0.013423	  0.409396	  0.446309	  0.130872	
  1.000000	  0.000000	  0.000000	  0.000000	
  0.701342	  0.298658	  0.000000	  0.000000	
  0.013423	  0.000000	  0.984899	  0.001678	

