MEME version 4.4

ALPHABET= ACGT

strands: + -

Background letter frequencies (from /mnt/thumper-e1/home/shhuang/projects/dap/analysis.v4/gem07_rep_memechip03/AP2EREBP_tnt/ESE1_colamp_a/background):
A 0.24400 C 0.25600 G 0.25600 T 0.24400 

MOTIF AP2EREBP_tnt.ESE1_colamp_a_m1 MEME

letter-probability matrix: alength= 4 w= 20 nsites= 260 E= 4.3e-658
  0.261538	  0.107692	  0.426923	  0.203846	
  0.369231	  0.057692	  0.503846	  0.069231	
  0.184615	  0.469231	  0.015385	  0.330769	
  0.000000	  0.000000	  1.000000	  0.000000	
  0.080769	  0.000000	  0.919231	  0.000000	
  0.000000	  0.976923	  0.000000	  0.023077	
  0.000000	  0.000000	  0.980769	  0.019231	
  0.000000	  0.000000	  1.000000	  0.000000	
  0.026923	  0.946154	  0.000000	  0.026923	
  0.015385	  0.007692	  0.919231	  0.057692	
  0.103846	  0.192308	  0.700000	  0.003846	
  0.234615	  0.473077	  0.076923	  0.215385	
  0.153846	  0.042308	  0.642308	  0.161538	
  0.238462	  0.088462	  0.561538	  0.111538	
  0.200000	  0.453846	  0.073077	  0.273077	
  0.200000	  0.057692	  0.615385	  0.126923	
  0.192308	  0.096154	  0.592308	  0.119231	
  0.242308	  0.419231	  0.146154	  0.192308	
  0.153846	  0.073077	  0.619231	  0.153846	
  0.253846	  0.111538	  0.526923	  0.107692	

