MEME version 4.4

ALPHABET= ACGT

strands: + -

Background letter frequencies (from /mnt/thumper-e1/home/shhuang/projects/dap/analysis.v4/gem07_rep_memechip03/C2H2_tnt/AtIDD11_colamp_a/background):
A 0.33300 C 0.16700 G 0.16700 T 0.33300 

MOTIF C2H2_tnt.AtIDD11_colamp_a_m1 MEME

letter-probability matrix: alength= 4 w= 18 nsites= 585 E= 2.6e-1347
  0.251282	  0.227350	  0.152137	  0.369231	
  0.292308	  0.109402	  0.116239	  0.482051	
  0.290598	  0.117949	  0.143590	  0.447863	
  0.170940	  0.076923	  0.070085	  0.682051	
  0.020513	  0.063248	  0.030769	  0.885470	
  0.005128	  0.023932	  0.011966	  0.958974	
  0.000000	  0.000000	  0.000000	  1.000000	
  0.000000	  0.000000	  1.000000	  0.000000	
  0.000000	  0.000000	  0.008547	  0.991453	
  0.003419	  0.989744	  0.000000	  0.006838	
  0.034188	  0.075214	  0.682051	  0.208547	
  0.005128	  0.041026	  0.039316	  0.914530	
  0.147009	  0.141880	  0.070085	  0.641026	
  0.150427	  0.001709	  0.001709	  0.846154	
  0.235897	  0.071795	  0.011966	  0.680342	
  0.135043	  0.323077	  0.331624	  0.210256	
  0.083761	  0.208547	  0.087179	  0.620513	
  0.230769	  0.112821	  0.370940	  0.285470	

