MEME version 4.4

ALPHABET= ACGT

strands: + -

Background letter frequencies (from /mnt/thumper-e1/home/shhuang/projects/dap/analysis.v4/gem07_rep_memechip03/MYB_tnt/MYB70_col_a/background):
A 0.32500 C 0.17500 G 0.17500 T 0.32500 

MOTIF MYB_tnt.MYB70_col_a_m1 MEME

letter-probability matrix: alength= 4 w= 14 nsites= 600 E= 4.1e-553
  0.116667	  0.200000	  0.025000	  0.658333	
  1.000000	  0.000000	  0.000000	  0.000000	
  0.961667	  0.038333	  0.000000	  0.000000	
  0.000000	  1.000000	  0.000000	  0.000000	
  0.061667	  0.431667	  0.260000	  0.246667	
  0.150000	  0.000000	  0.850000	  0.000000	
  0.398333	  0.093333	  0.020000	  0.488333	
  0.520000	  0.226667	  0.008333	  0.245000	
  0.493333	  0.046667	  0.053333	  0.406667	
  0.365000	  0.148333	  0.045000	  0.441667	
  0.720000	  0.045000	  0.043333	  0.191667	
  0.703333	  0.131667	  0.058333	  0.106667	
  0.226667	  0.580000	  0.055000	  0.138333	
  0.198333	  0.371667	  0.150000	  0.280000	

