MEME version 4.4

ALPHABET= ACGT

strands: + -

Background letter frequencies (from /mnt/thumper-e1/home/shhuang/projects/dap/analysis.v4/gem07_rep_memechip03/HB_tnt/LMI1_colamp_a/background):
A 0.34000 C 0.16000 G 0.16000 T 0.34000 

MOTIF HB_tnt.LMI1_colamp_a_m1 MEME

letter-probability matrix: alength= 4 w= 13 nsites= 598 E= 2.7e-1178
  0.153846	  0.020067	  0.095318	  0.730769	
  0.025084	  0.822742	  0.110368	  0.041806	
  0.837793	  0.105351	  0.000000	  0.056856	
  1.000000	  0.000000	  0.000000	  0.000000	
  0.000000	  0.000000	  0.000000	  1.000000	
  0.010033	  0.000000	  0.000000	  0.989967	
  1.000000	  0.000000	  0.000000	  0.000000	
  0.000000	  0.000000	  0.000000	  1.000000	
  0.000000	  0.000000	  0.000000	  1.000000	
  0.085284	  0.000000	  0.861204	  0.053512	
  0.230769	  0.163880	  0.352843	  0.252508	
  0.214047	  0.162207	  0.060201	  0.563545	
  0.245819	  0.150502	  0.195652	  0.408027	

