MEME version 4.4

ALPHABET= ACGT

strands: + -

Background letter frequencies (from /mnt/thumper-e1/home/shhuang/projects/dap/analysis.v4/gem07_rep_memechip03/NAC_tnt/ANAC013_colamp_a/background):
A 0.29800 C 0.20200 G 0.20200 T 0.29800 

MOTIF NAC_tnt.ANAC013_colamp_a_m1 MEME

letter-probability matrix: alength= 4 w= 17 nsites= 444 E= 1.9e-997
  0.335586	  0.065315	  0.265766	  0.333333	
  0.180180	  0.024775	  0.006757	  0.788288	
  0.252252	  0.004505	  0.189189	  0.554054	
  0.412162	  0.200450	  0.229730	  0.157658	
  0.000000	  1.000000	  0.000000	  0.000000	
  0.000000	  0.000000	  0.200450	  0.799550	
  0.000000	  0.000000	  0.000000	  1.000000	
  0.004505	  0.000000	  0.995495	  0.000000	
  0.173423	  0.263514	  0.349099	  0.213964	
  0.308559	  0.218468	  0.288288	  0.184685	
  0.204955	  0.094595	  0.511261	  0.189189	
  0.560811	  0.159910	  0.182432	  0.096847	
  0.470721	  0.083333	  0.328829	  0.117117	
  0.040541	  0.844595	  0.085586	  0.029279	
  1.000000	  0.000000	  0.000000	  0.000000	
  0.815315	  0.180180	  0.004505	  0.000000	
  0.000000	  0.000000	  0.993243	  0.006757	

