MEME version 4.4

ALPHABET= ACGT

strands: + -

Background letter frequencies (from /mnt/thumper-e1/home/shhuang/projects/dap/analysis.v4/gem07_rep_memechip03/C2H2_tnt/IDD5_colamp_a/background):
A 0.33300 C 0.16800 G 0.16800 T 0.33300 

MOTIF C2H2_tnt.IDD5_colamp_a_m1 MEME

letter-probability matrix: alength= 4 w= 17 nsites= 599 E= 7.0e-1313
  0.300501	  0.105175	  0.136895	  0.457429	
  0.280467	  0.131886	  0.150250	  0.437396	
  0.161937	  0.101836	  0.070117	  0.666110	
  0.026711	  0.076795	  0.030050	  0.866444	
  0.000000	  0.010017	  0.008347	  0.981636	
  0.000000	  0.003339	  0.000000	  0.996661	
  0.000000	  0.000000	  1.000000	  0.000000	
  0.000000	  0.000000	  0.110184	  0.889816	
  0.031720	  0.879800	  0.000000	  0.088481	
  0.080134	  0.091820	  0.457429	  0.370618	
  0.006678	  0.071786	  0.100167	  0.821369	
  0.023372	  0.180301	  0.065109	  0.731219	
  0.186978	  0.000000	  0.006678	  0.806344	
  0.217028	  0.028381	  0.006678	  0.747913	
  0.065109	  0.397329	  0.430718	  0.106845	
  0.025042	  0.273790	  0.023372	  0.677796	
  0.183639	  0.100167	  0.425710	  0.290484	

