MEME version 4.4

ALPHABET= ACGT

strands: + -

Background letter frequencies (from /mnt/thumper-e1/home/shhuang/projects/dap/analysis.v4/gem07_rep_memechip03/HSF_tnt/HSFB3_col_a/background):
A 0.29200 C 0.20800 G 0.20800 T 0.29200 

MOTIF HSF_tnt.HSFB3_col_a_m1 MEME

letter-probability matrix: alength= 4 w= 15 nsites= 100 E= 3.3e-115
  0.120000	  0.420000	  0.240000	  0.220000	
  0.010000	  0.060000	  0.080000	  0.850000	
  0.010000	  0.090000	  0.020000	  0.880000	
  0.000000	  0.980000	  0.020000	  0.000000	
  0.000000	  0.050000	  0.020000	  0.930000	
  0.870000	  0.050000	  0.080000	  0.000000	
  0.070000	  0.000000	  0.930000	  0.000000	
  0.890000	  0.060000	  0.040000	  0.010000	
  0.650000	  0.090000	  0.090000	  0.170000	
  0.160000	  0.000000	  0.530000	  0.310000	
  0.140000	  0.490000	  0.180000	  0.190000	
  0.090000	  0.040000	  0.060000	  0.810000	
  0.110000	  0.120000	  0.030000	  0.740000	
  0.090000	  0.610000	  0.080000	  0.220000	
  0.120000	  0.330000	  0.110000	  0.440000	

