MEME version 4.4

ALPHABET= ACGT

strands: + -

Background letter frequencies (from /mnt/thumper-e1/home/shhuang/projects/dap/analysis.v4/gem07_rep_memechip03/MYB_tnt/MYB56_col_a/background):
A 0.33000 C 0.17000 G 0.17000 T 0.33000 

MOTIF MYB_tnt.MYB56_col_a_m1 MEME

letter-probability matrix: alength= 4 w= 15 nsites= 600 E= 1.7e-593
  0.393333	  0.081667	  0.190000	  0.335000	
  0.281667	  0.121667	  0.130000	  0.466667	
  0.441667	  0.176667	  0.118333	  0.263333	
  0.450000	  0.133333	  0.171667	  0.245000	
  0.555000	  0.151667	  0.075000	  0.218333	
  0.001667	  0.005000	  0.000000	  0.993333	
  1.000000	  0.000000	  0.000000	  0.000000	
  1.000000	  0.000000	  0.000000	  0.000000	
  0.000000	  1.000000	  0.000000	  0.000000	
  0.043333	  0.058333	  0.695000	  0.203333	
  0.238333	  0.000000	  0.761667	  0.000000	
  0.371667	  0.068333	  0.003333	  0.556667	
  0.395000	  0.238333	  0.021667	  0.345000	
  0.323333	  0.096667	  0.041667	  0.538333	
  0.221667	  0.225000	  0.061667	  0.491667	

