MEME version 4.4

ALPHABET= ACGT

strands: + -

Background letter frequencies (from /mnt/thumper-e1/home/shhuang/projects/dap/analysis.v4/gem07_rep_memechip03/C2C2dof_tnt/OBP4_colamp_a/background):
A 0.34500 C 0.15500 G 0.15500 T 0.34500 

MOTIF C2C2dof_tnt.OBP4_colamp_a_m1 MEME

letter-probability matrix: alength= 4 w= 19 nsites= 600 E= 4.9e-462
  0.471667	  0.106667	  0.135000	  0.286667	
  0.426667	  0.131667	  0.211667	  0.230000	
  0.496667	  0.116667	  0.156667	  0.230000	
  0.546667	  0.125000	  0.185000	  0.143333	
  0.405000	  0.146667	  0.243333	  0.205000	
  0.368333	  0.198333	  0.228333	  0.205000	
  0.241667	  0.338333	  0.238333	  0.181667	
  0.878333	  0.010000	  0.051667	  0.060000	
  0.805000	  0.000000	  0.000000	  0.195000	
  1.000000	  0.000000	  0.000000	  0.000000	
  1.000000	  0.000000	  0.000000	  0.000000	
  0.971667	  0.000000	  0.028333	  0.000000	
  0.000000	  0.000000	  1.000000	  0.000000	
  0.090000	  0.140000	  0.225000	  0.545000	
  0.438333	  0.061667	  0.146667	  0.353333	
  0.573333	  0.070000	  0.216667	  0.140000	
  0.551667	  0.176667	  0.105000	  0.166667	
  0.456667	  0.118333	  0.120000	  0.305000	
  0.455000	  0.113333	  0.146667	  0.285000	

