MEME version 4.4

ALPHABET= ACGT

strands: + -

Background letter frequencies (from /mnt/thumper-e1/home/shhuang/projects/dap/analysis.v4/gem07_rep_memechip03/CAMTA_tnt/CAMTA5_col_a/background):
A 0.29100 C 0.20900 G 0.20900 T 0.29100 

MOTIF CAMTA_tnt.CAMTA5_col_a_m1 MEME

letter-probability matrix: alength= 4 w= 18 nsites= 600 E= 7.2e-750
  0.295000	  0.311667	  0.226667	  0.166667	
  0.140000	  0.595000	  0.140000	  0.125000	
  0.110000	  0.095000	  0.708333	  0.086667	
  0.088333	  0.380000	  0.086667	  0.445000	
  0.121667	  0.020000	  0.731667	  0.126667	
  0.065000	  0.031667	  0.171667	  0.731667	
  0.306667	  0.181667	  0.273333	  0.238333	
  0.341667	  0.135000	  0.213333	  0.310000	
  0.396667	  0.095000	  0.288333	  0.220000	
  0.493333	  0.141667	  0.120000	  0.245000	
  0.430000	  0.148333	  0.181667	  0.240000	
  0.381667	  0.305000	  0.260000	  0.053333	
  0.043333	  0.930000	  0.010000	  0.016667	
  0.010000	  0.000000	  0.990000	  0.000000	
  0.036667	  0.500000	  0.000000	  0.463333	
  0.010000	  0.000000	  0.963333	  0.026667	
  0.010000	  0.020000	  0.083333	  0.886667	
  0.210000	  0.153333	  0.318333	  0.318333	

