MEME version 4.4

ALPHABET= ACGT

strands: + -

Background letter frequencies (from /mnt/thumper-e1/home/shhuang/projects/dap/analysis.v4/gem07_rep_memechip03/C2H2_tnt/AT4G26030_col_a/background):
A 0.29900 C 0.20100 G 0.20100 T 0.29900 

MOTIF C2H2_tnt.AT4G26030_col_a_m1 MEME

letter-probability matrix: alength= 4 w= 19 nsites= 591 E= 2.9e-771
  0.230118	  0.377327	  0.121827	  0.270728	
  0.345178	  0.252115	  0.138748	  0.263959	
  0.348562	  0.263959	  0.175973	  0.211506	
  0.285956	  0.289340	  0.103215	  0.321489	
  0.377327	  0.219966	  0.094755	  0.307953	
  0.329949	  0.192893	  0.165821	  0.311337	
  0.206430	  0.307953	  0.148900	  0.336717	
  0.106599	  0.336717	  0.096447	  0.460237	
  0.099831	  0.367174	  0.057530	  0.475465	
  0.000000	  0.676819	  0.006768	  0.316413	
  1.000000	  0.000000	  0.000000	  0.000000	
  0.172589	  0.818951	  0.000000	  0.008460	
  0.000000	  1.000000	  0.000000	  0.000000	
  0.548223	  0.050761	  0.000000	  0.401015	
  0.994924	  0.000000	  0.000000	  0.005076	
  0.311337	  0.678511	  0.000000	  0.010152	
  0.094755	  0.597293	  0.000000	  0.307953	
  0.372250	  0.187817	  0.067682	  0.372250	
  0.209814	  0.348562	  0.035533	  0.406091	

