MEME version 4.4

ALPHABET= ACGT

strands: + -

Background letter frequencies (from /mnt/thumper-e1/home/shhuang/projects/dap/analysis.v4/gem07_rep_memechip03/AP2EREBP_tnt/RRTF1_col_a/background):
A 0.25200 C 0.24800 G 0.24800 T 0.25200 

MOTIF AP2EREBP_tnt.RRTF1_col_a_m1 MEME

letter-probability matrix: alength= 4 w= 15 nsites= 600 E= 2.4e-1121
  0.308333	  0.165000	  0.388333	  0.138333	
  0.420000	  0.181667	  0.166667	  0.231667	
  0.461667	  0.081667	  0.220000	  0.236667	
  0.643333	  0.010000	  0.168333	  0.178333	
  0.245000	  0.070000	  0.008333	  0.676667	
  0.175000	  0.008333	  0.393333	  0.423333	
  0.365000	  0.051667	  0.525000	  0.058333	
  0.001667	  0.991667	  0.000000	  0.006667	
  0.000000	  0.000000	  0.996667	  0.003333	
  0.000000	  0.000000	  1.000000	  0.000000	
  0.001667	  0.998333	  0.000000	  0.000000	
  0.001667	  0.001667	  0.941667	  0.055000	
  0.036667	  0.276667	  0.648333	  0.038333	
  0.286667	  0.520000	  0.065000	  0.128333	
  0.141667	  0.070000	  0.650000	  0.138333	

