MEME version 4.4

ALPHABET= ACGT

strands: + -

Background letter frequencies (from /mnt/thumper-e1/home/shhuang/projects/dap/analysis.v4/gem07_rep_memechip03/G2like_tnt/At3g24120_colamp_a/background):
A 0.32200 C 0.17800 G 0.17800 T 0.32200 

MOTIF G2like_tnt.At3g24120_colamp_a_m1 MEME

letter-probability matrix: alength= 4 w= 14 nsites= 596 E= 1.8e-799
  0.367450	  0.191275	  0.256711	  0.184564	
  0.523490	  0.100671	  0.241611	  0.134228	
  0.246644	  0.035235	  0.615772	  0.102349	
  0.765101	  0.087248	  0.021812	  0.125839	
  0.979866	  0.000000	  0.000000	  0.020134	
  0.000000	  0.000000	  0.328859	  0.671141	
  1.000000	  0.000000	  0.000000	  0.000000	
  0.000000	  0.000000	  0.000000	  1.000000	
  0.000000	  0.000000	  0.016779	  0.983221	
  0.000000	  1.000000	  0.000000	  0.000000	
  0.000000	  0.432886	  0.276846	  0.290268	
  0.303691	  0.201342	  0.114094	  0.380872	
  0.347315	  0.177852	  0.048658	  0.426174	
  0.213087	  0.130872	  0.172819	  0.483221	

