MEME version 4.4

ALPHABET= ACGT

strands: + -

Background letter frequencies (from /mnt/thumper-e1/home/shhuang/projects/dap/analysis.v4/gem07_rep_memechip03/bHLH_tnt/BIM2_col_v3b/background):
A 0.27700 C 0.22300 G 0.22300 T 0.27700 

MOTIF bHLH_tnt.BIM2_col_v3b_m1 MEME

letter-probability matrix: alength= 4 w= 15 nsites= 600 E= 1.2e-1266
  0.000000	  1.000000	  0.000000	  0.000000	
  0.998333	  0.000000	  0.001667	  0.000000	
  0.000000	  0.993333	  0.000000	  0.006667	
  0.005000	  0.000000	  0.995000	  0.000000	
  0.001667	  0.000000	  0.000000	  0.998333	
  0.000000	  0.000000	  1.000000	  0.000000	
  0.500000	  0.331667	  0.061667	  0.106667	
  0.091667	  0.480000	  0.218333	  0.210000	
  0.328333	  0.195000	  0.143333	  0.333333	
  0.223333	  0.276667	  0.145000	  0.355000	
  0.231667	  0.188333	  0.286667	  0.293333	
  0.110000	  0.658333	  0.088333	  0.143333	
  0.553333	  0.143333	  0.210000	  0.093333	
  0.098333	  0.621667	  0.071667	  0.208333	
  0.225000	  0.183333	  0.513333	  0.078333	

