MEME version 4.4

ALPHABET= ACGT

strands: + -

Background letter frequencies (from /mnt/thumper-e1/home/shhuang/projects/dap/analysis.v4/gem07_rep_memechip03/MYB_tnt/MYB3R1_colamp_a/background):
A 0.32000 C 0.18000 G 0.18000 T 0.32000 

MOTIF MYB_tnt.MYB3R1_colamp_a_m1 MEME

letter-probability matrix: alength= 4 w= 13 nsites= 568 E= 6.4e-835
  0.440141	  0.121479	  0.149648	  0.288732	
  0.498239	  0.063380	  0.058099	  0.380282	
  0.313380	  0.140845	  0.095070	  0.450704	
  0.362676	  0.163732	  0.232394	  0.241197	
  0.086268	  0.103873	  0.084507	  0.725352	
  0.399648	  0.000000	  0.366197	  0.234155	
  0.690141	  0.001761	  0.242958	  0.065141	
  0.063380	  0.936620	  0.000000	  0.000000	
  0.000000	  1.000000	  0.000000	  0.000000	
  0.000000	  0.000000	  1.000000	  0.000000	
  0.000000	  0.000000	  0.000000	  1.000000	
  0.000000	  0.000000	  0.000000	  1.000000	
  0.482394	  0.000000	  0.447183	  0.070423	

