MEME version 4.4

ALPHABET= ACGT

strands: + -

Background letter frequencies (from /mnt/thumper-e1/home/shhuang/projects/dap/analysis.v4/gem07_rep_memechip03/Trihelix_tnt/AT3G10030_colamp_a/background):
A 0.30300 C 0.19700 G 0.19700 T 0.30300 

MOTIF Trihelix_tnt.AT3G10030_colamp_a_m1 MEME

letter-probability matrix: alength= 4 w= 15 nsites= 597 E= 1.0e-1040
  0.463987	  0.246231	  0.068677	  0.221106	
  0.266332	  0.103853	  0.403685	  0.226131	
  0.088777	  0.097152	  0.095477	  0.718593	
  0.010050	  0.000000	  0.000000	  0.989950	
  0.892797	  0.005025	  0.097152	  0.005025	
  0.998325	  0.000000	  0.001675	  0.000000	
  0.000000	  1.000000	  0.000000	  0.000000	
  0.053601	  0.006700	  0.936348	  0.003350	
  0.075377	  0.050251	  0.798995	  0.075377	
  0.187605	  0.656616	  0.008375	  0.147404	
  0.113903	  0.070352	  0.654941	  0.160804	
  0.154104	  0.045226	  0.279732	  0.520938	
  0.105528	  0.204355	  0.046901	  0.643216	
  0.452261	  0.035176	  0.154104	  0.358459	
  0.562814	  0.046901	  0.192630	  0.197655	

