MEME version 4.4

ALPHABET= ACGT

strands: + -

Background letter frequencies (from /mnt/thumper-e1/home/shhuang/projects/dap/analysis.v4/gem07_rep_memechip03/WRKY_tnt/WRKY30_colamp_a/background):
A 0.30700 C 0.19300 G 0.19300 T 0.30700 

MOTIF WRKY_tnt.WRKY30_colamp_a_m1 MEME

letter-probability matrix: alength= 4 w= 13 nsites= 598 E= 1.6e-1429
  0.357860	  0.301003	  0.143813	  0.197324	
  0.598662	  0.128763	  0.145485	  0.127090	
  0.777592	  0.040134	  0.086957	  0.095318	
  0.869565	  0.006689	  0.123746	  0.000000	
  0.000000	  0.000000	  1.000000	  0.000000	
  0.000000	  0.000000	  0.000000	  1.000000	
  0.000000	  1.000000	  0.000000	  0.000000	
  1.000000	  0.000000	  0.000000	  0.000000	
  1.000000	  0.000000	  0.000000	  0.000000	
  0.003344	  0.988294	  0.000000	  0.008361	
  0.038462	  0.080268	  0.769231	  0.112040	
  0.185619	  0.366221	  0.235786	  0.212375	
  0.219064	  0.295987	  0.103679	  0.381271	

