MEME version 4.4

ALPHABET= ACGT

strands: + -

Background letter frequencies (from /mnt/thumper-e1/home/shhuang/projects/dap/analysis.v4/gem07_rep_memechip03/MYBrelated_tnt/At1g19000_colamp_a/background):
A 0.32400 C 0.17600 G 0.17600 T 0.32400 

MOTIF MYBrelated_tnt.At1g19000_colamp_a_m1 MEME

letter-probability matrix: alength= 4 w= 14 nsites= 599 E= 2.4e-1045
  0.505843	  0.121870	  0.101836	  0.270451	
  0.467446	  0.086811	  0.158598	  0.287145	
  0.088481	  0.515860	  0.096828	  0.298831	
  0.170284	  0.567613	  0.135225	  0.126878	
  0.008347	  0.023372	  0.000000	  0.968280	
  0.008347	  0.010017	  0.001669	  0.979967	
  1.000000	  0.000000	  0.000000	  0.000000	
  0.000000	  0.000000	  0.000000	  1.000000	
  0.000000	  1.000000	  0.000000	  0.000000	
  0.000000	  0.948247	  0.000000	  0.051753	
  0.823038	  0.000000	  0.118531	  0.058431	
  0.247078	  0.215359	  0.053422	  0.484140	
  0.405676	  0.038397	  0.020033	  0.535893	
  0.404007	  0.115192	  0.035058	  0.445743	

