MEME version 4.4

ALPHABET= ACGT

strands: + -

Background letter frequencies (from /mnt/thumper-e1/home/shhuang/projects/dap/analysis.v4/gem07_rep_memechip03/ABI3VP1_tnt/VRN1_colamp_a/background):
A 0.32800 C 0.17200 G 0.17200 T 0.32800 

MOTIF ABI3VP1_tnt.VRN1_colamp_a_m1 MEME

letter-probability matrix: alength= 4 w= 19 nsites= 373 E= 8.8e-964
  0.227882	  0.329759	  0.284182	  0.158177	
  0.396783	  0.005362	  0.010724	  0.587131	
  0.005362	  0.198391	  0.434316	  0.361930	
  0.147453	  0.147453	  0.131367	  0.573727	
  0.067024	  0.010724	  0.053619	  0.868633	
  0.000000	  0.005362	  0.018767	  0.975871	
  0.000000	  0.000000	  0.013405	  0.986595	
  0.000000	  0.000000	  0.018767	  0.981233	
  0.000000	  0.000000	  0.000000	  1.000000	
  0.000000	  0.010724	  0.005362	  0.983914	
  0.000000	  0.000000	  0.013405	  0.986595	
  0.000000	  0.000000	  0.008043	  0.991957	
  0.000000	  0.037534	  0.069705	  0.892761	
  0.000000	  0.115282	  0.144772	  0.739946	
  0.010724	  0.131367	  0.117962	  0.739946	
  0.024129	  0.109920	  0.120643	  0.745308	
  0.016086	  0.120643	  0.227882	  0.635389	
  0.115282	  0.107239	  0.361930	  0.415550	
  0.123324	  0.211796	  0.278820	  0.386059	

