MEME version 4.4

ALPHABET= ACGT

strands: + -

Background letter frequencies (from /mnt/thumper-e1/home/shhuang/projects/dap/analysis.v4/gem07_rep_memechip03/WRKY_tnt/WRKY22_col/background):
A 0.31200 C 0.18800 G 0.18800 T 0.31200 

MOTIF WRKY_tnt.WRKY22_col_m1 MEME

letter-probability matrix: alength= 4 w= 13 nsites= 599 E= 3.0e-1294
  0.530885	  0.193656	  0.130217	  0.145242	
  0.769616	  0.048414	  0.083472	  0.098497	
  0.864775	  0.008347	  0.023372	  0.103506	
  0.888147	  0.000000	  0.096828	  0.015025	
  0.000000	  0.000000	  1.000000	  0.000000	
  0.000000	  0.000000	  0.000000	  1.000000	
  0.000000	  1.000000	  0.000000	  0.000000	
  1.000000	  0.000000	  0.000000	  0.000000	
  1.000000	  0.000000	  0.000000	  0.000000	
  0.118531	  0.848080	  0.000000	  0.033389	
  0.090150	  0.100167	  0.524207	  0.285476	
  0.303840	  0.233723	  0.213689	  0.248748	
  0.233723	  0.225376	  0.111853	  0.429048	

