MEME version 4.4

ALPHABET= ACGT

strands: + -

Background letter frequencies (from /mnt/thumper-e1/home/shhuang/projects/dap/analysis.v4/gem07_rep_memechip03/WRKY_tnt/WRKY8_col/background):
A 0.30500 C 0.19500 G 0.19500 T 0.30500 

MOTIF WRKY_tnt.WRKY8_col_m1 MEME

letter-probability matrix: alength= 4 w= 15 nsites= 600 E= 3.8e-1577
  0.310000	  0.173333	  0.288333	  0.228333	
  0.458333	  0.163333	  0.180000	  0.198333	
  0.605000	  0.131667	  0.150000	  0.113333	
  0.880000	  0.013333	  0.061667	  0.045000	
  0.943333	  0.000000	  0.011667	  0.045000	
  0.958333	  0.000000	  0.040000	  0.001667	
  0.000000	  0.000000	  1.000000	  0.000000	
  0.000000	  0.000000	  0.000000	  1.000000	
  0.000000	  1.000000	  0.000000	  0.000000	
  1.000000	  0.000000	  0.000000	  0.000000	
  1.000000	  0.000000	  0.000000	  0.000000	
  0.096667	  0.878333	  0.000000	  0.025000	
  0.145000	  0.120000	  0.626667	  0.108333	
  0.318333	  0.243333	  0.195000	  0.243333	
  0.293333	  0.220000	  0.105000	  0.381667	

