MEME version 4.4

ALPHABET= ACGT

strands: + -

Background letter frequencies (from /mnt/thumper-e1/home/shhuang/projects/dap/analysis.v4/gem07_rep_memechip03/MYB_tnt/MYB116_colamp_a/background):
A 0.30900 C 0.19100 G 0.19100 T 0.30900 

MOTIF MYB_tnt.MYB116_colamp_a_m1 MEME

letter-probability matrix: alength= 4 w= 13 nsites= 586 E= 6.5e-1192
  0.525597	  0.087031	  0.184300	  0.203072	
  0.616041	  0.063140	  0.172355	  0.148464	
  0.754266	  0.005119	  0.107509	  0.133106	
  0.090444	  0.000000	  0.909556	  0.000000	
  0.000000	  0.000000	  0.022184	  0.977816	
  0.000000	  0.000000	  0.000000	  1.000000	
  0.982935	  0.003413	  0.000000	  0.013652	
  0.000000	  0.000000	  1.000000	  0.000000	
  0.000000	  0.000000	  1.000000	  0.000000	
  0.000000	  0.732082	  0.001706	  0.266212	
  0.684300	  0.107509	  0.153584	  0.054608	
  0.274744	  0.218430	  0.308874	  0.197952	
  0.455631	  0.119454	  0.267918	  0.156997	

