MEME version 4.4

ALPHABET= ACGT

strands: + -

Background letter frequencies (from /mnt/thumper-e1/home/shhuang/projects/dap/analysis.v4/gem07_rep_memechip03/FAR1_tnt/FAR1_colamp_a/background):
A 0.26800 C 0.23200 G 0.23200 T 0.26800 

MOTIF FAR1_tnt.FAR1_colamp_a_m1 MEME

letter-probability matrix: alength= 4 w= 21 nsites= 215 E= 3.0e-507
  0.441860	  0.293023	  0.055814	  0.209302	
  0.279070	  0.069767	  0.604651	  0.046512	
  0.000000	  0.000000	  1.000000	  0.000000	
  0.000000	  1.000000	  0.000000	  0.000000	
  0.000000	  0.000000	  0.995349	  0.004651	
  0.000000	  1.000000	  0.000000	  0.000000	
  0.000000	  0.000000	  1.000000	  0.000000	
  0.000000	  0.000000	  0.000000	  1.000000	
  0.027907	  0.023256	  0.939535	  0.009302	
  0.437209	  0.018605	  0.362791	  0.181395	
  0.427907	  0.079070	  0.367442	  0.125581	
  0.320930	  0.176744	  0.306977	  0.195349	
  0.232558	  0.176744	  0.195349	  0.395349	
  0.311628	  0.241860	  0.111628	  0.334884	
  0.269767	  0.362791	  0.186047	  0.181395	
  0.595349	  0.162791	  0.106977	  0.134884	
  0.232558	  0.465116	  0.218605	  0.083721	
  0.134884	  0.237209	  0.353488	  0.274419	
  0.125581	  0.427907	  0.311628	  0.134884	
  0.167442	  0.274419	  0.386047	  0.172093	
  0.172093	  0.395349	  0.255814	  0.176744	

