MEME version 4.4

ALPHABET= ACGT

strands: + -

Background letter frequencies (from /mnt/thumper-e1/home/shhuang/projects/dap/analysis.v4/gem07_rep_memechip03/bZIP_tnt/bZIP16_colamp_a/background):
A 0.30200 C 0.19800 G 0.19800 T 0.30200 

MOTIF bZIP_tnt.bZIP16_colamp_a_m1 MEME

letter-probability matrix: alength= 4 w= 15 nsites= 597 E= 2.1e-1677
  0.363484	  0.097152	  0.266332	  0.273032	
  0.381910	  0.108878	  0.184255	  0.324958	
  0.303183	  0.083752	  0.127303	  0.485762	
  0.087102	  0.020101	  0.608040	  0.284757	
  0.221106	  0.385260	  0.293132	  0.100503	
  0.160804	  0.236181	  0.000000	  0.603015	
  0.000000	  0.348409	  0.569514	  0.082077	
  1.000000	  0.000000	  0.000000	  0.000000	
  0.000000	  0.991625	  0.000000	  0.008375	
  0.008375	  0.000000	  0.991625	  0.000000	
  0.000000	  0.000000	  0.000000	  1.000000	
  0.000000	  0.000000	  1.000000	  0.000000	
  0.000000	  0.000000	  0.850921	  0.149079	
  0.097152	  0.902848	  0.000000	  0.000000	
  0.735343	  0.068677	  0.150754	  0.045226	

