MEME version 4.4

ALPHABET= ACGT

strands: + -

Background letter frequencies (from /mnt/thumper-e1/home/shhuang/projects/dap/analysis.v4/gem07_rep_memechip03/AP2EREBP_tnt/At1g77640_col_a/background):
A 0.26300 C 0.23700 G 0.23700 T 0.26300 

MOTIF AP2EREBP_tnt.At1g77640_col_a_m1 MEME

letter-probability matrix: alength= 4 w= 21 nsites= 541 E= 1.6e-1104
  0.186691	  0.147874	  0.438078	  0.227357	
  0.251386	  0.158965	  0.353050	  0.236599	
  0.256932	  0.238447	  0.216266	  0.288355	
  0.208872	  0.142329	  0.471349	  0.177449	
  0.231054	  0.146026	  0.386322	  0.236599	
  0.236599	  0.264325	  0.170055	  0.329020	
  0.225508	  0.085028	  0.499076	  0.190388	
  0.251386	  0.157116	  0.358595	  0.232902	
  0.271719	  0.282810	  0.105360	  0.340111	
  0.260628	  0.097967	  0.373383	  0.268022	
  0.236599	  0.072089	  0.430684	  0.260628	
  0.109057	  0.151571	  0.018484	  0.720887	
  0.000000	  0.000000	  1.000000	  0.000000	
  0.205176	  0.009242	  0.245841	  0.539741	
  0.000000	  0.998152	  0.000000	  0.001848	
  0.000000	  0.000000	  1.000000	  0.000000	
  0.000000	  0.000000	  1.000000	  0.000000	
  0.007394	  0.020333	  0.000000	  0.972274	
  0.005545	  0.000000	  0.994455	  0.000000	
  0.192237	  0.083179	  0.648799	  0.075786	
  0.365989	  0.236599	  0.110906	  0.286506	

