MEME version 4.4

ALPHABET= ACGT

strands: + -

Background letter frequencies (from /mnt/thumper-e1/home/shhuang/projects/dap/analysis.v4/gem07_rep_memechip03/G2like_tnt/At1g13300_col_a/background):
A 0.32100 C 0.17900 G 0.17900 T 0.32100 

MOTIF G2like_tnt.At1g13300_col_a_m1 MEME

letter-probability matrix: alength= 4 w= 15 nsites= 596 E= 5.7e-764
  0.392617	  0.142617	  0.216443	  0.248322	
  0.211409	  0.110738	  0.486577	  0.191275	
  0.436242	  0.117450	  0.154362	  0.291946	
  0.657718	  0.080537	  0.075503	  0.186242	
  0.169463	  0.119128	  0.057047	  0.654362	
  0.221477	  0.506711	  0.162752	  0.109060	
  0.241611	  0.169463	  0.419463	  0.169463	
  0.709732	  0.053691	  0.102349	  0.134228	
  0.919463	  0.000000	  0.033557	  0.046980	
  0.000000	  0.000000	  0.679530	  0.320470	
  1.000000	  0.000000	  0.000000	  0.000000	
  0.000000	  0.000000	  0.000000	  1.000000	
  0.041946	  0.036913	  0.006711	  0.914430	
  0.000000	  1.000000	  0.000000	  0.000000	
  0.072148	  0.419463	  0.046980	  0.461409	

