MEME version 4.4

ALPHABET= ACGT

strands: + -

Background letter frequencies (from /mnt/thumper-e1/home/shhuang/projects/dap/analysis.v4/gem07_rep_memechip03/C2H2_tnt/AtIDD11_col_a/background):
A 0.32900 C 0.17100 G 0.17100 T 0.32900 

MOTIF C2H2_tnt.AtIDD11_col_a_m1 MEME

letter-probability matrix: alength= 4 w= 21 nsites= 574 E= 4.8e-839
  0.229965	  0.181185	  0.156794	  0.432056	
  0.235192	  0.188153	  0.121951	  0.454704	
  0.242160	  0.224739	  0.116725	  0.416376	
  0.203833	  0.198606	  0.174216	  0.423345	
  0.214286	  0.196864	  0.123693	  0.465157	
  0.275261	  0.134146	  0.156794	  0.433798	
  0.228223	  0.144599	  0.141115	  0.486063	
  0.148084	  0.163763	  0.073171	  0.614983	
  0.027875	  0.132404	  0.048780	  0.790941	
  0.000000	  0.024390	  0.015679	  0.959930	
  0.000000	  0.010453	  0.000000	  0.989547	
  0.001742	  0.000000	  0.998258	  0.000000	
  0.000000	  0.000000	  0.001742	  0.998258	
  0.006969	  0.933798	  0.000000	  0.059233	
  0.041812	  0.104530	  0.322300	  0.531359	
  0.054007	  0.104530	  0.080139	  0.761324	
  0.146341	  0.181185	  0.087108	  0.585366	
  0.182927	  0.038328	  0.045296	  0.733449	
  0.189895	  0.134146	  0.050523	  0.625436	
  0.167247	  0.343206	  0.217770	  0.271777	
  0.137631	  0.221254	  0.121951	  0.519164	

