MEME version 4.4

ALPHABET= ACGT

strands: + -

Background letter frequencies (from /mnt/thumper-e1/home/shhuang/projects/dap/analysis.v4/gem07_rep_memechip03/MADS_tnt/AGL25_col_a/background):
A 0.30900 C 0.19100 G 0.19100 T 0.30900 

MOTIF MADS_tnt.AGL25_col_a_m1 MEME

letter-probability matrix: alength= 4 w= 18 nsites= 230 E= 3.9e-289
  0.539130	  0.078261	  0.082609	  0.300000	
  0.095652	  0.639130	  0.208696	  0.056522	
  0.017391	  0.034783	  0.000000	  0.947826	
  0.000000	  0.000000	  0.000000	  1.000000	
  0.030435	  0.000000	  0.000000	  0.969565	
  0.000000	  1.000000	  0.000000	  0.000000	
  0.000000	  0.913043	  0.000000	  0.086957	
  0.469565	  0.060870	  0.013043	  0.456522	
  0.239130	  0.056522	  0.043478	  0.660870	
  0.369565	  0.034783	  0.026087	  0.569565	
  0.226087	  0.052174	  0.013043	  0.708696	
  0.243478	  0.152174	  0.095652	  0.508696	
  0.200000	  0.139130	  0.217391	  0.443478	
  0.295652	  0.000000	  0.613043	  0.091304	
  0.047826	  0.073913	  0.669565	  0.208696	
  0.521739	  0.186957	  0.069565	  0.221739	
  0.647826	  0.086957	  0.086957	  0.178261	
  0.639130	  0.104348	  0.117391	  0.139130	

