MEME version 4.4

ALPHABET= ACGT

strands: + -

Background letter frequencies (from /mnt/thumper-e1/home/shhuang/projects/dap/analysis.v4/gem07_rep_memechip03/bZIP_tnt/TGA1_colamp_a/background):
A 0.30700 C 0.19300 G 0.19300 T 0.30700 

MOTIF bZIP_tnt.TGA1_colamp_a_m1 MEME

letter-probability matrix: alength= 4 w= 15 nsites= 599 E= 1.8e-1548
  0.402337	  0.150250	  0.123539	  0.323873	
  0.325543	  0.148581	  0.222037	  0.303840	
  0.280467	  0.105175	  0.327212	  0.287145	
  0.407346	  0.180301	  0.368948	  0.043406	
  0.038397	  0.030050	  0.000000	  0.931553	
  0.003339	  0.046745	  0.863105	  0.086811	
  0.996661	  0.000000	  0.000000	  0.003339	
  0.000000	  0.974958	  0.000000	  0.025042	
  0.101836	  0.003339	  0.894825	  0.000000	
  0.000000	  0.003339	  0.000000	  0.996661	
  0.080134	  0.919866	  0.000000	  0.000000	
  1.000000	  0.000000	  0.000000	  0.000000	
  0.000000	  0.085142	  0.347245	  0.567613	
  0.046745	  0.767947	  0.075125	  0.110184	
  0.602671	  0.098497	  0.135225	  0.163606	

