MEME version 4.4

ALPHABET= ACGT

strands: + -

Background letter frequencies (from /mnt/thumper-e1/home/shhuang/projects/dap/analysis.v4/gem07_rep_memechip03/bZIP_tnt/bZIP42_colamp_a/background):
A 0.29500 C 0.20400 G 0.20400 T 0.29500 

MOTIF bZIP_tnt.bZIP42_colamp_a_m1 MEME

letter-probability matrix: alength= 4 w= 13 nsites= 167 E= 2.6e-579
  0.089820	  0.155689	  0.137725	  0.616766	
  0.000000	  0.000000	  0.808383	  0.191617	
  0.191617	  0.808383	  0.000000	  0.000000	
  0.000000	  1.000000	  0.000000	  0.000000	
  1.000000	  0.000000	  0.000000	  0.000000	
  0.005988	  0.976048	  0.005988	  0.011976	
  0.000000	  0.000000	  1.000000	  0.000000	
  0.000000	  0.000000	  0.000000	  1.000000	
  0.047904	  0.946108	  0.000000	  0.005988	
  0.994012	  0.000000	  0.005988	  0.000000	
  0.000000	  0.047904	  0.790419	  0.161677	
  0.017964	  0.970060	  0.000000	  0.011976	
  0.742515	  0.071856	  0.035928	  0.149701	

