MEME version 4.4

ALPHABET= ACGT

strands: + -

Background letter frequencies (from /mnt/thumper-e1/home/shhuang/projects/dap/analysis.v4/gem07_rep_memechip03/NAC_tnt/NTM2_col_b/background):
A 0.31100 C 0.18900 G 0.18900 T 0.31100 

MOTIF NAC_tnt.NTM2_col_b_m1 MEME

letter-probability matrix: alength= 4 w= 15 nsites= 587 E= 2.7e-1058
  0.386712	  0.000000	  0.124361	  0.488927	
  0.449744	  0.376491	  0.126065	  0.047700	
  0.000000	  1.000000	  0.000000	  0.000000	
  0.000000	  0.000000	  0.069847	  0.930153	
  0.000000	  0.000000	  0.000000	  1.000000	
  0.168654	  0.454855	  0.359455	  0.017036	
  0.071550	  0.177172	  0.047700	  0.703578	
  0.139693	  0.214651	  0.187394	  0.458262	
  0.134583	  0.391823	  0.187394	  0.286201	
  0.357751	  0.247019	  0.209540	  0.185690	
  0.366269	  0.245315	  0.172061	  0.216354	
  0.000000	  0.432709	  0.059625	  0.507666	
  1.000000	  0.000000	  0.000000	  0.000000	
  0.863714	  0.136286	  0.000000	  0.000000	
  0.000000	  0.000000	  1.000000	  0.000000	

