MEME version 4.4

ALPHABET= ACGT

strands: + -

Background letter frequencies (from /mnt/thumper-e1/home/shhuang/projects/dap/analysis.v4/gem07_rep_memechip03/TCP_tnt/TCP3_col/background):
A 0.29200 C 0.20800 G 0.20800 T 0.29200 

MOTIF TCP_tnt.TCP3_col_m1 MEME

letter-probability matrix: alength= 4 w= 13 nsites= 582 E= 3.0e-1441
  0.283505	  0.118557	  0.359107	  0.238832	
  0.209622	  0.163230	  0.132302	  0.494845	
  0.099656	  0.152921	  0.317869	  0.429553	
  0.003436	  0.003436	  0.967354	  0.025773	
  0.000000	  0.000000	  1.000000	  0.000000	
  0.000000	  0.000000	  1.000000	  0.000000	
  0.864261	  0.087629	  0.000000	  0.048110	
  0.000000	  1.000000	  0.000000	  0.000000	
  0.000000	  1.000000	  0.000000	  0.000000	
  0.934708	  0.000000	  0.065292	  0.000000	
  0.001718	  0.963918	  0.010309	  0.024055	
  0.369416	  0.264605	  0.087629	  0.278351	
  0.336770	  0.127148	  0.178694	  0.357388	

