MEME version 4.4

ALPHABET= ACGT

strands: + -

Background letter frequencies (from /mnt/thumper-e1/home/shhuang/projects/dap/analysis.v4/gem07_rep_memechip03/AP2EREBP_tnt/RRTF1_colamp_a/background):
A 0.27000 C 0.23000 G 0.23000 T 0.27000 

MOTIF AP2EREBP_tnt.RRTF1_colamp_a_m1 MEME

letter-probability matrix: alength= 4 w= 19 nsites= 578 E= 1.0e-1202
  0.257785	  0.150519	  0.356401	  0.235294	
  0.301038	  0.181661	  0.358131	  0.159170	
  0.477509	  0.179931	  0.160900	  0.181661	
  0.520761	  0.053633	  0.242215	  0.183391	
  0.762976	  0.000000	  0.107266	  0.129758	
  0.262976	  0.022491	  0.003460	  0.711073	
  0.192042	  0.000000	  0.352941	  0.455017	
  0.349481	  0.024221	  0.567474	  0.058824	
  0.000000	  1.000000	  0.000000	  0.000000	
  0.000000	  0.000000	  0.996540	  0.003460	
  0.000000	  0.000000	  1.000000	  0.000000	
  0.000000	  1.000000	  0.000000	  0.000000	
  0.000000	  0.000000	  0.904844	  0.095156	
  0.039792	  0.299308	  0.608997	  0.051903	
  0.318339	  0.442907	  0.086505	  0.152249	
  0.198962	  0.095156	  0.522491	  0.183391	
  0.283737	  0.173010	  0.339100	  0.204152	
  0.283737	  0.226644	  0.148789	  0.340830	
  0.299308	  0.115917	  0.311419	  0.273356	

