MEME version 4.4

ALPHABET= ACGT

strands: + -

Background letter frequencies (from /mnt/thumper-e1/home/shhuang/projects/dap/analysis.v4/gem07_rep_memechip03/AP2EREBP_tnt/At1g75490_col_a/background):
A 0.24100 C 0.25900 G 0.25900 T 0.24100 

MOTIF AP2EREBP_tnt.At1g75490_col_a_m1 MEME

letter-probability matrix: alength= 4 w= 15 nsites= 557 E= 9.1e-909
  0.105925	  0.599641	  0.098743	  0.195691	
  0.166966	  0.610413	  0.061041	  0.161580	
  0.368043	  0.131059	  0.269300	  0.231598	
  0.089767	  0.610413	  0.095153	  0.204668	
  0.132855	  0.646320	  0.053860	  0.166966	
  0.211849	  0.023339	  0.368043	  0.396768	
  0.034111	  0.877917	  0.032316	  0.055655	
  0.010772	  0.989228	  0.000000	  0.000000	
  0.710952	  0.000000	  0.287253	  0.001795	
  0.000000	  0.994614	  0.001795	  0.003591	
  0.001795	  0.998205	  0.000000	  0.000000	
  0.057451	  0.000000	  0.931777	  0.010772	
  0.132855	  0.657092	  0.017953	  0.192101	
  0.037702	  0.709156	  0.014363	  0.238779	
  0.425494	  0.037702	  0.228007	  0.308797	

