MEME version 4.4

ALPHABET= ACGT

strands: + -

Background letter frequencies (from /mnt/thumper-e1/home/shhuang/projects/dap/analysis.v4/gem07_rep_memechip03/bZIP_tnt/TGA4_colamp_a/background):
A 0.29300 C 0.20700 G 0.20700 T 0.29300 

MOTIF bZIP_tnt.TGA4_colamp_a_m1 MEME

letter-probability matrix: alength= 4 w= 15 nsites= 599 E= 1.7e-1660
  0.350584	  0.111853	  0.308848	  0.228715	
  0.435726	  0.156928	  0.130217	  0.277129	
  0.218698	  0.168614	  0.091820	  0.520868	
  0.098497	  0.061770	  0.814691	  0.025042	
  0.509182	  0.372287	  0.118531	  0.000000	
  0.000000	  0.003339	  0.000000	  0.996661	
  0.000000	  0.000000	  0.913189	  0.086811	
  0.993322	  0.000000	  0.000000	  0.006678	
  0.000000	  0.943239	  0.001669	  0.055092	
  0.031720	  0.000000	  0.968280	  0.000000	
  0.000000	  0.000000	  0.000000	  1.000000	
  0.043406	  0.923205	  0.031720	  0.001669	
  0.959933	  0.000000	  0.028381	  0.011686	
  0.016694	  0.387312	  0.158598	  0.437396	
  0.252087	  0.357262	  0.113523	  0.277129	

