MEME version 4.4

ALPHABET= ACGT

strands: + -

Background letter frequencies (from /mnt/thumper-e1/home/shhuang/projects/dap/analysis.v4/gem07_rep_memechip03/bZIP_tnt/AREB3_colamp_a/background):
A 0.30200 C 0.19800 G 0.19800 T 0.30200 

MOTIF bZIP_tnt.AREB3_colamp_a_m1 MEME

letter-probability matrix: alength= 4 w= 15 nsites= 593 E= 4.0e-1782
  0.386172	  0.080944	  0.263069	  0.269815	
  0.394604	  0.089376	  0.231029	  0.284992	
  0.325464	  0.074199	  0.148398	  0.451939	
  0.119730	  0.070826	  0.568297	  0.241147	
  0.219224	  0.133221	  0.593592	  0.053963	
  0.458685	  0.139966	  0.000000	  0.401349	
  0.000000	  0.600337	  0.382799	  0.016863	
  1.000000	  0.000000	  0.000000	  0.000000	
  0.000000	  0.998314	  0.001686	  0.000000	
  0.000000	  0.000000	  1.000000	  0.000000	
  0.000000	  0.000000	  0.000000	  1.000000	
  0.000000	  0.000000	  1.000000	  0.000000	
  0.000000	  0.000000	  0.716695	  0.283305	
  0.005059	  0.994941	  0.000000	  0.000000	
  0.799325	  0.065767	  0.096121	  0.038786	

