MEME version 4.4

ALPHABET= ACGT

strands: + -

Background letter frequencies (from /mnt/thumper-e1/home/shhuang/projects/dap/analysis.v4/gem07_rep_memechip03/AP2EREBP_tnt/ERF7_col_a/background):
A 0.23500 C 0.26500 G 0.26500 T 0.23500 

MOTIF AP2EREBP_tnt.ERF7_col_a_m1 MEME

letter-probability matrix: alength= 4 w= 21 nsites= 593 E= 5.7e-1020
  0.121417	  0.468803	  0.087690	  0.322091	
  0.136594	  0.517707	  0.116358	  0.229342	
  0.286678	  0.160202	  0.284992	  0.268128	
  0.155143	  0.541315	  0.047218	  0.256324	
  0.124789	  0.610455	  0.074199	  0.190556	
  0.239460	  0.177066	  0.340641	  0.242833	
  0.131535	  0.529511	  0.091062	  0.247892	
  0.139966	  0.617201	  0.030354	  0.212479	
  0.291737	  0.106239	  0.290051	  0.311973	
  0.065767	  0.541315	  0.092749	  0.300169	
  0.146712	  0.693086	  0.033727	  0.126476	
  0.210793	  0.033727	  0.387858	  0.367622	
  0.062395	  0.787521	  0.067454	  0.082631	
  0.084317	  0.885329	  0.000000	  0.030354	
  0.118044	  0.000000	  0.833052	  0.048904	
  0.010118	  0.967960	  0.000000	  0.021922	
  0.000000	  1.000000	  0.000000	  0.000000	
  0.092749	  0.000000	  0.876897	  0.030354	
  0.006745	  0.551433	  0.016863	  0.424958	
  0.150084	  0.664418	  0.059022	  0.126476	
  0.532884	  0.040472	  0.224283	  0.202361	

