MEME version 4.4

ALPHABET= ACGT

strands: + -

Background letter frequencies (from /mnt/thumper-e1/home/shhuang/projects/dap/analysis.v4/gem07_rep_memechip03/ABI3VP1_tnt/REM16_col_a/background):
A 0.29100 C 0.20900 G 0.20900 T 0.29100 

MOTIF ABI3VP1_tnt.REM16_col_a_m1 MEME

letter-probability matrix: alength= 4 w= 21 nsites= 242 E= 9.1e-1334
  0.235537	  0.057851	  0.020661	  0.685950	
  0.223140	  0.016529	  0.041322	  0.719008	
  0.136364	  0.045455	  0.045455	  0.772727	
  0.603306	  0.028926	  0.136364	  0.231405	
  0.095041	  0.528926	  0.041322	  0.334711	
  0.107438	  0.016529	  0.570248	  0.305785	
  0.078512	  0.004132	  0.309917	  0.607438	
  0.000000	  0.004132	  0.024793	  0.971074	
  0.000000	  0.004132	  0.000000	  0.995868	
  0.004132	  0.008264	  0.000000	  0.987603	
  0.000000	  0.008264	  0.000000	  0.991736	
  0.020661	  0.008264	  0.942149	  0.028926	
  0.049587	  0.000000	  0.946281	  0.004132	
  0.000000	  0.975207	  0.000000	  0.024793	
  0.024793	  0.000000	  0.971074	  0.004132	
  0.008264	  0.000000	  0.991736	  0.000000	
  0.128099	  0.004132	  0.867769	  0.000000	
  0.995868	  0.004132	  0.000000	  0.000000	
  0.995868	  0.004132	  0.000000	  0.000000	
  0.991736	  0.000000	  0.008264	  0.000000	
  0.904959	  0.033058	  0.000000	  0.061983	

