MEME version 4.4

ALPHABET= ACGT

strands: + -

Background letter frequencies (from /mnt/thumper-e1/home/shhuang/projects/dap/analysis.v4/gem07_rep_memechip03/RAV_tnt/RAV1_colamp_a/background):
A 0.31900 C 0.18100 G 0.18100 T 0.31900 

MOTIF RAV_tnt.RAV1_colamp_a_m1 MEME

letter-probability matrix: alength= 4 w= 21 nsites= 591 E= 5.0e-788
  0.213198	  0.181049	  0.203046	  0.402707	
  0.223350	  0.157360	  0.150592	  0.468697	
  0.236887	  0.236887	  0.120135	  0.406091	
  0.182741	  0.340102	  0.084602	  0.392555	
  0.301184	  0.546531	  0.113367	  0.038917	
  0.551607	  0.001692	  0.211506	  0.235195	
  0.159052	  0.104907	  0.588832	  0.147208	
  0.385787	  0.038917	  0.407783	  0.167513	
  0.150592	  0.074450	  0.131980	  0.642978	
  0.338409	  0.028765	  0.377327	  0.255499	
  0.382403	  0.074450	  0.170897	  0.372250	
  0.275804	  0.071066	  0.042301	  0.610829	
  0.184433	  0.155668	  0.021997	  0.637902	
  0.143824	  0.047377	  0.033841	  0.774958	
  0.199662	  0.470389	  0.054146	  0.275804	
  0.000000	  0.015228	  0.000000	  0.984772	
  0.003384	  0.000000	  0.996616	  0.000000	
  0.037225	  0.045685	  0.005076	  0.912014	
  0.011844	  0.028765	  0.064298	  0.895093	
  0.040609	  0.025381	  0.813875	  0.120135	
  0.125212	  0.248731	  0.258883	  0.367174	

