MEME version 4.4

ALPHABET= ACGT

strands: + -

Background letter frequencies (from /mnt/thumper-e1/home/shhuang/projects/dap/analysis.v4/gem07_rep_memechip03/G2like_tnt/At2g03500_colamp_a/background):
A 0.31000 C 0.19000 G 0.19000 T 0.31000 

MOTIF G2like_tnt.At2g03500_colamp_a_m1 MEME

letter-probability matrix: alength= 4 w= 14 nsites= 98 E= 3.1e-235
  0.010204	  0.010204	  0.979592	  0.000000	
  0.704082	  0.000000	  0.112245	  0.183673	
  0.908163	  0.000000	  0.091837	  0.000000	
  0.000000	  0.000000	  0.000000	  1.000000	
  0.020408	  0.908163	  0.000000	  0.071429	
  0.142857	  0.010204	  0.000000	  0.846939	
  0.163265	  0.071429	  0.132653	  0.632653	
  0.275510	  0.051020	  0.397959	  0.275510	
  0.000000	  0.000000	  1.000000	  0.000000	
  1.000000	  0.000000	  0.000000	  0.000000	
  0.000000	  0.000000	  0.061224	  0.938776	
  0.112245	  0.071429	  0.030612	  0.785714	
  0.000000	  1.000000	  0.000000	  0.000000	
  0.030612	  0.489796	  0.112245	  0.367347	

