MEME version 4.4

ALPHABET= ACGT

strands: + -

Background letter frequencies (from /mnt/thumper-e1/home/shhuang/projects/dap/analysis.v4/gem07_rep_memechip03/bZIP_tnt/VIP1_colamp_a/background):
A 0.30600 C 0.19400 G 0.19400 T 0.30600 

MOTIF bZIP_tnt.VIP1_colamp_a_m1 MEME

letter-probability matrix: alength= 4 w= 14 nsites= 413 E= 1.0e-832
  0.254237	  0.121065	  0.220339	  0.404358	
  0.283293	  0.101695	  0.346247	  0.268765	
  0.227603	  0.169492	  0.261501	  0.341404	
  0.561743	  0.276029	  0.000000	  0.162228	
  0.048426	  0.753027	  0.096852	  0.101695	
  0.966102	  0.000000	  0.033898	  0.000000	
  0.012107	  0.009685	  0.978208	  0.000000	
  0.000000	  0.980630	  0.000000	  0.019370	
  0.000000	  0.000000	  0.000000	  1.000000	
  0.000000	  0.000000	  1.000000	  0.000000	
  0.000000	  0.009685	  0.481840	  0.508475	
  0.133172	  0.849879	  0.000000	  0.016949	
  0.743341	  0.048426	  0.108959	  0.099274	
  0.346247	  0.210654	  0.101695	  0.341404	

