MEME version 4.4

ALPHABET= ACGT

strands: + -

Background letter frequencies (from /mnt/thumper-e1/home/shhuang/projects/dap/analysis.v4/gem07_rep_memechip03/AP2EREBP_tnt/CRF10_colamp_a/background):
A 0.30700 C 0.19300 G 0.19300 T 0.30700 

MOTIF AP2EREBP_tnt.CRF10_colamp_a_m1 MEME

letter-probability matrix: alength= 4 w= 17 nsites= 428 E= 8.0e-958
  0.392523	  0.100467	  0.212617	  0.294393	
  0.280374	  0.214953	  0.165888	  0.338785	
  0.448598	  0.147196	  0.275701	  0.128505	
  0.000000	  0.000000	  1.000000	  0.000000	
  0.941589	  0.011682	  0.014019	  0.032710	
  1.000000	  0.000000	  0.000000	  0.000000	
  0.000000	  0.000000	  0.000000	  1.000000	
  0.030374	  0.957944	  0.004673	  0.007009	
  0.207944	  0.156542	  0.032710	  0.602804	
  0.345794	  0.149533	  0.137850	  0.366822	
  0.464953	  0.086449	  0.191589	  0.257009	
  0.070093	  0.007009	  0.857477	  0.065421	
  0.939252	  0.004673	  0.051402	  0.004673	
  0.009346	  0.004673	  0.000000	  0.985981	
  0.275701	  0.268692	  0.056075	  0.399533	
  0.007009	  0.948598	  0.000000	  0.044393	
  0.163551	  0.322430	  0.130841	  0.383178	

