MEME version 4.4

ALPHABET= ACGT

strands: + -

Background letter frequencies (from /mnt/thumper-e1/home/shhuang/projects/dap/analysis.v4/gem07_rep_memechip03/MYB_tnt/MYB65_col200_a/background):
A 0.30500 C 0.19500 G 0.19500 T 0.30500 

MOTIF MYB_tnt.MYB65_col200_a_m1 MEME

letter-probability matrix: alength= 4 w= 13 nsites= 599 E= 3.1e-457
  0.474124	  0.101836	  0.175292	  0.248748	
  0.215359	  0.417362	  0.068447	  0.298831	
  0.175292	  0.363940	  0.108514	  0.352254	
  0.305509	  0.202003	  0.342237	  0.150250	
  0.125209	  0.125209	  0.000000	  0.749583	
  1.000000	  0.000000	  0.000000	  0.000000	
  1.000000	  0.000000	  0.000000	  0.000000	
  0.000000	  1.000000	  0.000000	  0.000000	
  0.063439	  0.590985	  0.196995	  0.148581	
  0.126878	  0.000000	  0.873122	  0.000000	
  0.297162	  0.255426	  0.006678	  0.440735	
  0.467446	  0.365609	  0.003339	  0.163606	
  0.444073	  0.095159	  0.125209	  0.335559	

