MEME version 4.4

ALPHABET= ACGT

strands: + -

Background letter frequencies (from /mnt/thumper-e1/home/shhuang/projects/dap/analysis.v4/gem07_rep_memechip03/C2H2_tnt/IDD2_colamp_a/background):
A 0.32700 C 0.17300 G 0.17300 T 0.32700 

MOTIF C2H2_tnt.IDD2_colamp_a_m1 MEME

letter-probability matrix: alength= 4 w= 18 nsites= 578 E= 4.3e-1206
  0.249135	  0.231834	  0.159170	  0.359862	
  0.285467	  0.131488	  0.164360	  0.418685	
  0.262976	  0.134948	  0.188581	  0.413495	
  0.140138	  0.102076	  0.053633	  0.704152	
  0.010381	  0.069204	  0.022491	  0.897924	
  0.001730	  0.000000	  0.013841	  0.984429	
  0.000000	  0.000000	  0.000000	  1.000000	
  0.000000	  0.000000	  1.000000	  0.000000	
  0.000000	  0.000000	  0.010381	  0.989619	
  0.000000	  0.980969	  0.000000	  0.019031	
  0.025952	  0.091696	  0.596886	  0.285467	
  0.008651	  0.062284	  0.051903	  0.877163	
  0.160900	  0.167820	  0.084775	  0.586505	
  0.209343	  0.000000	  0.008651	  0.782007	
  0.205882	  0.105536	  0.020761	  0.667820	
  0.128028	  0.354671	  0.271626	  0.245675	
  0.107266	  0.249135	  0.145329	  0.498270	
  0.235294	  0.122837	  0.316609	  0.325260	

