MEME version 4.4

ALPHABET= ACGT

strands: + -

Background letter frequencies (from /mnt/thumper-e1/home/shhuang/projects/dap/analysis.v4/gem07_rep_memechip03/MYB_tnt/MYB74_col/background):
A 0.30800 C 0.19200 G 0.19200 T 0.30800 

MOTIF MYB_tnt.MYB74_col_m1 MEME

letter-probability matrix: alength= 4 w= 14 nsites= 130 E= 4.7e-146
  0.092308	  0.292308	  0.207692	  0.407692	
  0.046154	  0.407692	  0.100000	  0.446154	
  0.215385	  0.269231	  0.100000	  0.415385	
  0.092308	  0.415385	  0.046154	  0.446154	
  1.000000	  0.000000	  0.000000	  0.000000	
  0.000000	  0.984615	  0.000000	  0.015385	
  0.000000	  1.000000	  0.000000	  0.000000	
  0.015385	  0.000000	  0.000000	  0.984615	
  1.000000	  0.000000	  0.000000	  0.000000	
  0.500000	  0.500000	  0.000000	  0.000000	
  0.092308	  0.615385	  0.030769	  0.261538	
  0.330769	  0.146154	  0.061538	  0.461538	
  0.430769	  0.207692	  0.030769	  0.330769	
  0.323077	  0.269231	  0.084615	  0.323077	

