MEME version 4.4

ALPHABET= ACGT

strands: + -

Background letter frequencies (from /mnt/thumper-e1/home/shhuang/projects/dap/analysis.v4/gem07_rep_memechip03/RWPRK_tnt/RKD2_col_a/background):
A 0.29000 C 0.21000 G 0.21000 T 0.29000 

MOTIF RWPRK_tnt.RKD2_col_a_m1 MEME

letter-probability matrix: alength= 4 w= 19 nsites= 587 E= 1.9e-1422
  0.247019	  0.209540	  0.350937	  0.192504	
  0.206133	  0.286201	  0.124361	  0.383305	
  0.183986	  0.001704	  0.797274	  0.017036	
  0.609881	  0.134583	  0.064736	  0.190801	
  0.000000	  0.994889	  0.000000	  0.005111	
  0.003407	  0.194208	  0.453152	  0.349233	
  0.129472	  0.264055	  0.201022	  0.405451	
  0.015332	  0.017036	  0.000000	  0.967632	
  0.015332	  0.051107	  0.000000	  0.933560	
  0.022147	  0.763203	  0.148211	  0.066440	
  0.528109	  0.068143	  0.396934	  0.006814	
  0.240204	  0.110733	  0.243612	  0.405451	
  0.180579	  0.686542	  0.030664	  0.102215	
  0.000000	  0.000000	  0.015332	  0.984668	
  0.069847	  0.165247	  0.015332	  0.749574	
  0.018739	  0.952300	  0.008518	  0.020443	
  0.020443	  0.725724	  0.006814	  0.247019	
  0.156729	  0.369676	  0.090290	  0.383305	
  0.226576	  0.357751	  0.155026	  0.260647	

