MEME version 4.4

ALPHABET= ACGT

strands: + -

Background letter frequencies (from /mnt/thumper-e1/home/shhuang/projects/dap/analysis.v4/gem07_rep_memechip03/GeBP_tnt/AT1G66420_col_a/background):
A 0.32400 C 0.17600 G 0.17600 T 0.32400 

MOTIF GeBP_tnt.AT1G66420_col_a_m1 MEME

letter-probability matrix: alength= 4 w= 19 nsites= 53 E= 1.4e-084
  0.735849	  0.037736	  0.075472	  0.150943	
  0.566038	  0.075472	  0.207547	  0.150943	
  0.188679	  0.660377	  0.056604	  0.094340	
  0.320755	  0.528302	  0.150943	  0.000000	
  0.000000	  0.018868	  0.000000	  0.981132	
  0.113208	  0.188679	  0.000000	  0.698113	
  0.981132	  0.000000	  0.000000	  0.018868	
  0.000000	  0.000000	  0.000000	  1.000000	
  0.000000	  0.981132	  0.000000	  0.018868	
  0.018868	  0.981132	  0.000000	  0.000000	
  0.773585	  0.000000	  0.132075	  0.094340	
  0.132075	  0.132075	  0.037736	  0.698113	
  0.528302	  0.037736	  0.000000	  0.433962	
  0.339623	  0.018868	  0.056604	  0.584906	
  0.283019	  0.433962	  0.075472	  0.207547	
  0.075472	  0.226415	  0.113208	  0.584906	
  0.207547	  0.056604	  0.169811	  0.566038	
  0.452830	  0.169811	  0.245283	  0.132075	
  0.207547	  0.094340	  0.339623	  0.358491	

