MEME version 4.4

ALPHABET= ACGT

strands: + -

Background letter frequencies (from /mnt/thumper-e1/home/shhuang/projects/dap/analysis.v4/gem07_rep_memechip03/MYB_tnt/MYB65_colamp_a/background):
A 0.32500 C 0.17500 G 0.17500 T 0.32500 

MOTIF MYB_tnt.MYB65_colamp_a_m1 MEME

letter-probability matrix: alength= 4 w= 15 nsites= 600 E= 1.1e-551
  0.388333	  0.220000	  0.240000	  0.151667	
  0.078333	  0.060000	  0.000000	  0.861667	
  1.000000	  0.000000	  0.000000	  0.000000	
  1.000000	  0.000000	  0.000000	  0.000000	
  0.000000	  1.000000	  0.000000	  0.000000	
  0.123333	  0.605000	  0.123333	  0.148333	
  0.136667	  0.000000	  0.863333	  0.000000	
  0.351667	  0.190000	  0.000000	  0.458333	
  0.598333	  0.313333	  0.000000	  0.088333	
  0.603333	  0.066667	  0.051667	  0.278333	
  0.336667	  0.366667	  0.111667	  0.185000	
  0.285000	  0.285000	  0.131667	  0.298333	
  0.415000	  0.110000	  0.266667	  0.208333	
  0.271667	  0.206667	  0.118333	  0.403333	
  0.425000	  0.186667	  0.145000	  0.243333	

