MEME version 4.4

ALPHABET= ACGT

strands: + -

Background letter frequencies (from /mnt/thumper-e1/home/shhuang/projects/dap/analysis.v4/gem07_rep_memechip03/HSF_tnt/HSFA6B_colamp_a/background):
A 0.30500 C 0.19500 G 0.19500 T 0.30500 

MOTIF HSF_tnt.HSFA6B_colamp_a_m1 MEME

letter-probability matrix: alength= 4 w= 13 nsites= 598 E= 1.2e-1708
  0.618729	  0.095318	  0.239130	  0.046823	
  0.000000	  0.000000	  1.000000	  0.000000	
  0.984950	  0.000000	  0.001672	  0.013378	
  0.943144	  0.003344	  0.000000	  0.053512	
  0.088629	  0.224080	  0.556856	  0.130435	
  0.290970	  0.361204	  0.167224	  0.180602	
  0.098662	  0.046823	  0.010033	  0.844482	
  0.013378	  0.000000	  0.001672	  0.984950	
  0.000000	  0.998328	  0.001672	  0.000000	
  0.008361	  0.105351	  0.045151	  0.841137	
  0.814381	  0.026756	  0.158863	  0.000000	
  0.000000	  0.000000	  1.000000	  0.000000	
  0.981605	  0.003344	  0.000000	  0.015050	

