MEME version 4.4

ALPHABET= ACGT

strands: + -

Background letter frequencies (from /mnt/thumper-e1/home/shhuang/projects/dap/analysis.v4/gem07_rep_memechip03/AP2EREBP_tnt/ERF38_col_a/background):
A 0.26600 C 0.23400 G 0.23400 T 0.26600 

MOTIF AP2EREBP_tnt.ERF38_col_a_m1 MEME

letter-probability matrix: alength= 4 w= 15 nsites= 598 E= 4.9e-1049
  0.046823	  0.204013	  0.000000	  0.749164	
  0.000000	  0.000000	  0.998328	  0.001672	
  0.108696	  0.006689	  0.081940	  0.802676	
  0.000000	  1.000000	  0.000000	  0.000000	
  0.000000	  0.000000	  1.000000	  0.000000	
  0.000000	  0.000000	  1.000000	  0.000000	
  0.000000	  0.252508	  0.000000	  0.747492	
  0.096990	  0.016722	  0.821070	  0.065217	
  0.299331	  0.080268	  0.526756	  0.093645	
  0.331104	  0.319398	  0.096990	  0.252508	
  0.212375	  0.095318	  0.466555	  0.225753	
  0.297659	  0.117057	  0.342809	  0.242475	
  0.277592	  0.262542	  0.143813	  0.316054	
  0.240803	  0.123746	  0.419732	  0.215719	
  0.309365	  0.132107	  0.371237	  0.187291	

