MEME version 4.4

ALPHABET= ACGT

strands: + -

Background letter frequencies (from /mnt/thumper-e1/home/shhuang/projects/dap/analysis.v4/gem07_rep_memechip03/GeBP_tnt/AT4G00250_col_a/background):
A 0.31700 C 0.18300 G 0.18300 T 0.31700 

MOTIF GeBP_tnt.AT4G00250_col_a_m1 MEME

letter-probability matrix: alength= 4 w= 13 nsites= 592 E= 5.0e-952
  0.491554	  0.128378	  0.103041	  0.277027	
  0.552365	  0.052365	  0.143581	  0.251689	
  0.087838	  0.540541	  0.081081	  0.290541	
  0.190878	  0.621622	  0.104730	  0.082770	
  0.008446	  0.055743	  0.000000	  0.935811	
  0.013514	  0.008446	  0.023649	  0.954392	
  1.000000	  0.000000	  0.000000	  0.000000	
  0.000000	  0.000000	  0.000000	  1.000000	
  0.000000	  1.000000	  0.000000	  0.000000	
  0.000000	  0.918919	  0.000000	  0.081081	
  0.729730	  0.001689	  0.201014	  0.067568	
  0.277027	  0.212838	  0.052365	  0.457770	
  0.412162	  0.030405	  0.020270	  0.537162	

