MEME version 4.4

ALPHABET= ACGT

strands: + -

Background letter frequencies (from /mnt/thumper-e1/home/shhuang/projects/dap/analysis.v4/gem07_rep_memechip03/BES1_tnt/BAM8_colamp_a/background):
A 0.28400 C 0.21500 G 0.21500 T 0.28400 

MOTIF BES1_tnt.BAM8_colamp_a_m1 MEME

letter-probability matrix: alength= 4 w= 15 nsites= 590 E= 3.0e-1431
  0.352542	  0.247458	  0.222034	  0.177966	
  0.255932	  0.223729	  0.281356	  0.238983	
  0.113559	  0.218644	  0.193220	  0.474576	
  0.213559	  0.147458	  0.122034	  0.516949	
  0.074576	  0.454237	  0.294915	  0.176271	
  0.501695	  0.000000	  0.489831	  0.008475	
  0.000000	  0.955932	  0.000000	  0.044068	
  1.000000	  0.000000	  0.000000	  0.000000	
  0.000000	  1.000000	  0.000000	  0.000000	
  0.000000	  0.000000	  1.000000	  0.000000	
  0.000000	  0.003390	  0.000000	  0.996610	
  0.000000	  0.000000	  1.000000	  0.000000	
  0.062712	  0.137288	  0.074576	  0.725424	
  0.032203	  0.272881	  0.672881	  0.022034	
  0.537288	  0.011864	  0.318644	  0.132203	

