MEME version 4.4

ALPHABET= ACGT

strands: + -

Background letter frequencies (from /mnt/thumper-e1/home/shhuang/projects/dap/analysis.v4/gem07_rep_memechip03/C2C2dof_tnt/dof24_col_a/background):
A 0.35500 C 0.14500 G 0.14500 T 0.35500 

MOTIF C2C2dof_tnt.dof24_col_a_m1 MEME

letter-probability matrix: alength= 4 w= 15 nsites= 600 E= 7.0e-552
  0.275000	  0.231667	  0.125000	  0.368333	
  0.275000	  0.173333	  0.098333	  0.453333	
  0.260000	  0.131667	  0.061667	  0.546667	
  0.238333	  0.090000	  0.046667	  0.625000	
  0.158333	  0.031667	  0.121667	  0.688333	
  0.030000	  0.218333	  0.026667	  0.725000	
  0.305000	  0.225000	  0.033333	  0.436667	
  0.625000	  0.198333	  0.136667	  0.040000	
  0.000000	  1.000000	  0.000000	  0.000000	
  0.000000	  0.010000	  0.000000	  0.990000	
  0.000000	  0.000000	  0.000000	  1.000000	
  0.000000	  0.000000	  0.000000	  1.000000	
  0.233333	  0.000000	  0.000000	  0.766667	
  0.045000	  0.073333	  0.043333	  0.838333	
  0.205000	  0.246667	  0.288333	  0.260000	

