MEME version 4.4

ALPHABET= ACGT

strands: + -

Background letter frequencies (from /mnt/thumper-e1/home/shhuang/projects/dap/analysis.v4/gem07_rep_memechip03/NAC_tnt/ANAC004_colamp_a/background):
A 0.30900 C 0.19100 G 0.19100 T 0.30900 

MOTIF NAC_tnt.ANAC004_colamp_a_m1 MEME

letter-probability matrix: alength= 4 w= 21 nsites= 600 E= 2.2e-1624
  0.448333	  0.040000	  0.115000	  0.396667	
  0.441667	  0.201667	  0.293333	  0.063333	
  0.000000	  0.995000	  0.003333	  0.001667	
  0.000000	  0.000000	  0.000000	  1.000000	
  0.000000	  0.000000	  0.000000	  1.000000	
  0.235000	  0.328333	  0.421667	  0.015000	
  0.013333	  0.258333	  0.025000	  0.703333	
  0.166667	  0.163333	  0.160000	  0.510000	
  0.093333	  0.386667	  0.160000	  0.360000	
  0.306667	  0.210000	  0.178333	  0.305000	
  0.581667	  0.071667	  0.318333	  0.028333	
  0.003333	  0.591667	  0.068333	  0.336667	
  1.000000	  0.000000	  0.000000	  0.000000	
  0.996667	  0.001667	  0.000000	  0.001667	
  0.000000	  0.001667	  0.996667	  0.001667	
  0.068333	  0.291667	  0.050000	  0.590000	
  0.346667	  0.030000	  0.018333	  0.605000	
  0.335000	  0.105000	  0.046667	  0.513333	
  0.118333	  0.416667	  0.318333	  0.146667	
  0.263333	  0.333333	  0.193333	  0.210000	
  0.206667	  0.131667	  0.188333	  0.473333	

