MEME version 4.4

ALPHABET= ACGT

strands: + -

Background letter frequencies (from /mnt/thumper-e1/home/shhuang/projects/dap/analysis.v4/gem07_rep_memechip03/WRKY_tnt/WRKY31_col_a/background):
A 0.30800 C 0.19200 G 0.19200 T 0.30800 

MOTIF WRKY_tnt.WRKY31_col_a_m1 MEME

letter-probability matrix: alength= 4 w= 19 nsites= 251 E= 2.5e-456
  0.270916	  0.131474	  0.306773	  0.290837	
  0.235060	  0.127490	  0.326693	  0.310757	
  0.286853	  0.223108	  0.250996	  0.239044	
  0.302789	  0.183267	  0.179283	  0.334661	
  0.342629	  0.231076	  0.107570	  0.318725	
  0.434263	  0.139442	  0.131474	  0.294821	
  0.430279	  0.131474	  0.290837	  0.147410	
  0.358566	  0.254980	  0.139442	  0.247012	
  0.342629	  0.294821	  0.151394	  0.211155	
  0.494024	  0.127490	  0.139442	  0.239044	
  0.521912	  0.111554	  0.155378	  0.211155	
  0.749004	  0.000000	  0.250996	  0.000000	
  0.000000	  0.000000	  1.000000	  0.000000	
  0.000000	  0.000000	  0.000000	  1.000000	
  0.003984	  0.996016	  0.000000	  0.000000	
  1.000000	  0.000000	  0.000000	  0.000000	
  1.000000	  0.000000	  0.000000	  0.000000	
  0.027888	  0.972112	  0.000000	  0.000000	
  0.119522	  0.067729	  0.673307	  0.139442	

