MEME version 4.4

ALPHABET= ACGT

strands: + -

Background letter frequencies (from /mnt/thumper-e1/home/shhuang/projects/dap/analysis.v4/gem07_rep_memechip03/TCP_tnt/TCP14_col_b/background):
A 0.29300 C 0.20700 G 0.20700 T 0.29300 

MOTIF TCP_tnt.TCP14_col_b_m1 MEME

letter-probability matrix: alength= 4 w= 20 nsites= 47 E= 3.4e-163
  0.659574	  0.106383	  0.106383	  0.127660	
  0.276596	  0.340426	  0.276596	  0.106383	
  0.851064	  0.000000	  0.085106	  0.063830	
  0.297872	  0.042553	  0.382979	  0.276596	
  0.765957	  0.042553	  0.085106	  0.106383	
  0.106383	  0.106383	  0.595745	  0.191489	
  0.212766	  0.297872	  0.382979	  0.106383	
  0.468085	  0.042553	  0.255319	  0.234043	
  0.042553	  0.212766	  0.340426	  0.404255	
  0.000000	  0.000000	  1.000000	  0.000000	
  0.000000	  0.000000	  0.000000	  1.000000	
  0.042553	  0.000000	  0.957447	  0.000000	
  0.000000	  0.000000	  1.000000	  0.000000	
  0.000000	  0.000000	  1.000000	  0.000000	
  0.404255	  0.000000	  0.382979	  0.212766	
  0.000000	  1.000000	  0.000000	  0.000000	
  0.000000	  1.000000	  0.000000	  0.000000	
  0.000000	  1.000000	  0.000000	  0.000000	
  0.914894	  0.000000	  0.085106	  0.000000	
  0.000000	  1.000000	  0.000000	  0.000000	

