MEME version 4.4

ALPHABET= ACGT

strands: + -

Background letter frequencies (from /mnt/thumper-e1/home/shhuang/projects/dap/analysis.v4/gem07_rep_memechip03/WRKY_tnt/WRKY6_colamp_a/background):
A 0.31000 C 0.19000 G 0.19000 T 0.31000 

MOTIF WRKY_tnt.WRKY6_colamp_a_m1 MEME

letter-probability matrix: alength= 4 w= 15 nsites= 599 E= 1.1e-1044
  0.352254	  0.106845	  0.297162	  0.243740	
  0.223706	  0.212020	  0.290484	  0.273790	
  0.165275	  0.629382	  0.091820	  0.113523	
  0.036728	  0.001669	  0.878130	  0.083472	
  0.000000	  0.000000	  0.000000	  1.000000	
  0.000000	  0.000000	  0.000000	  1.000000	
  0.000000	  0.000000	  1.000000	  0.000000	
  0.998331	  0.000000	  0.001669	  0.000000	
  0.000000	  1.000000	  0.000000	  0.000000	
  0.005008	  0.313856	  0.010017	  0.671119	
  0.263773	  0.116861	  0.101836	  0.517529	
  0.247078	  0.125209	  0.150250	  0.477462	
  0.188648	  0.113523	  0.297162	  0.400668	
  0.235392	  0.145242	  0.235392	  0.383973	
  0.208681	  0.247078	  0.140234	  0.404007	

