MEME version 4.4

ALPHABET= ACGT

strands: + -

Background letter frequencies (from /mnt/thumper-e1/home/shhuang/projects/dap/analysis.v4/gem07_rep_memechip03/NAC_tnt/ANAC046_colamp_a/background):
A 0.30800 C 0.19200 G 0.19200 T 0.30800 

MOTIF NAC_tnt.ANAC046_colamp_a_m1 MEME

letter-probability matrix: alength= 4 w= 17 nsites= 600 E= 8.9e-1216
  0.023333	  0.951667	  0.013333	  0.011667	
  0.006667	  0.025000	  0.301667	  0.666667	
  0.033333	  0.006667	  0.010000	  0.950000	
  0.146667	  0.190000	  0.620000	  0.043333	
  0.186667	  0.175000	  0.060000	  0.578333	
  0.243333	  0.238333	  0.215000	  0.303333	
  0.236667	  0.338333	  0.151667	  0.273333	
  0.238333	  0.341667	  0.113333	  0.306667	
  0.633333	  0.041667	  0.150000	  0.175000	
  0.001667	  0.806667	  0.010000	  0.181667	
  1.000000	  0.000000	  0.000000	  0.000000	
  0.306667	  0.693333	  0.000000	  0.000000	
  0.000000	  0.000000	  0.991667	  0.008333	
  0.070000	  0.306667	  0.083333	  0.540000	
  0.391667	  0.163333	  0.011667	  0.433333	
  0.881667	  0.000000	  0.003333	  0.115000	
  0.163333	  0.435000	  0.096667	  0.305000	

