MEME version 4.4

ALPHABET= ACGT

strands: + -

Background letter frequencies (from /mnt/thumper-e1/home/shhuang/projects/dap/analysis.v4/gem07_rep_memechip03/G2like_tnt/AT5G45580_colamp_a/background):
A 0.30600 C 0.19400 G 0.19400 T 0.30600 

MOTIF G2like_tnt.AT5G45580_colamp_a_m1 MEME

letter-probability matrix: alength= 4 w= 14 nsites= 600 E= 4.6e-871
  0.431667	  0.141667	  0.201667	  0.225000	
  0.440000	  0.161667	  0.186667	  0.211667	
  0.578333	  0.045000	  0.210000	  0.166667	
  0.418333	  0.125000	  0.235000	  0.221667	
  0.296667	  0.155000	  0.548333	  0.000000	
  0.000000	  0.000000	  1.000000	  0.000000	
  0.976667	  0.023333	  0.000000	  0.000000	
  0.998333	  0.001667	  0.000000	  0.000000	
  0.000000	  0.000000	  0.000000	  1.000000	
  0.403333	  0.593333	  0.000000	  0.003333	
  0.048333	  0.000000	  0.001667	  0.950000	
  0.105000	  0.030000	  0.005000	  0.860000	
  0.101667	  0.485000	  0.073333	  0.340000	
  0.141667	  0.288333	  0.161667	  0.408333	

