MEME version 4.4

ALPHABET= ACGT

strands: + -

Background letter frequencies (from /mnt/thumper-e1/home/shhuang/projects/dap/analysis.v4/gem07_rep_memechip03/MYB_tnt/MYB96_colamp_a/background):
A 0.29400 C 0.20600 G 0.20600 T 0.29400 

MOTIF MYB_tnt.MYB96_colamp_a_m1 MEME

letter-probability matrix: alength= 4 w= 21 nsites= 586 E= 2.3e-762
  0.279863	  0.302048	  0.114334	  0.303754	
  0.319113	  0.303754	  0.121160	  0.255973	
  0.329352	  0.353242	  0.092150	  0.225256	
  0.518771	  0.187713	  0.097270	  0.196246	
  0.307167	  0.421502	  0.058020	  0.213311	
  0.104096	  0.406143	  0.112628	  0.377133	
  0.180887	  0.329352	  0.076792	  0.412969	
  0.401024	  0.389078	  0.059727	  0.150171	
  0.097270	  0.679181	  0.044369	  0.179181	
  0.006826	  0.887372	  0.001706	  0.104096	
  1.000000	  0.000000	  0.000000	  0.000000	
  0.827645	  0.172355	  0.000000	  0.000000	
  0.000000	  0.993174	  0.006826	  0.000000	
  0.092150	  0.494881	  0.020478	  0.392491	
  0.807167	  0.001706	  0.090444	  0.100683	
  0.245734	  0.539249	  0.020478	  0.194539	
  0.129693	  0.645051	  0.001706	  0.223549	
  0.336177	  0.095563	  0.042662	  0.525597	
  0.206485	  0.262799	  0.129693	  0.401024	
  0.216724	  0.380546	  0.093857	  0.308874	
  0.235495	  0.162116	  0.180887	  0.421502	

