MEME version 4.4

ALPHABET= ACGT

strands: + -

Background letter frequencies (from /mnt/thumper-e1/home/shhuang/projects/dap/analysis.v4/gem07_rep_memechip03/E2FDP_tnt/E2FA_col_a/background):
A 0.30500 C 0.19500 G 0.19500 T 0.30500 

MOTIF E2FDP_tnt.E2FA_col_a_m1 MEME

letter-probability matrix: alength= 4 w= 14 nsites= 580 E= 2.3e-1260
  0.377586	  0.127586	  0.139655	  0.355172	
  0.356897	  0.086207	  0.151724	  0.405172	
  0.381034	  0.079310	  0.153448	  0.386207	
  0.289655	  0.039655	  0.172414	  0.498276	
  0.108621	  0.191379	  0.700000	  0.000000	
  0.000000	  0.068966	  0.931034	  0.000000	
  0.000000	  1.000000	  0.000000	  0.000000	
  0.000000	  0.000000	  1.000000	  0.000000	
  0.000000	  1.000000	  0.000000	  0.000000	
  0.000000	  0.994828	  0.001724	  0.003448	
  0.965517	  0.006897	  0.001724	  0.025862	
  0.598276	  0.150000	  0.031034	  0.220690	
  0.610345	  0.077586	  0.112069	  0.200000	
  0.553448	  0.065517	  0.137931	  0.243103	

