MEME version 4.4

ALPHABET= ACGT

strands: + -

Background letter frequencies (from /mnt/thumper-e1/home/shhuang/projects/dap/analysis.v4/gem07_rep_memechip03/HSF_tnt/HSFA1E_colamp_a/background):
A 0.30200 C 0.19800 G 0.19800 T 0.30200 

MOTIF HSF_tnt.HSFA1E_colamp_a_m1 MEME

letter-probability matrix: alength= 4 w= 15 nsites= 461 E= 8.0e-1277
  0.661605	  0.067245	  0.236443	  0.034707	
  0.010846	  0.000000	  0.986985	  0.002169	
  0.986985	  0.000000	  0.013015	  0.000000	
  0.939262	  0.004338	  0.026030	  0.030369	
  0.123644	  0.199566	  0.587852	  0.088937	
  0.210412	  0.420824	  0.203905	  0.164859	
  0.123644	  0.032538	  0.010846	  0.832972	
  0.039046	  0.000000	  0.010846	  0.950108	
  0.002169	  0.965293	  0.032538	  0.000000	
  0.047722	  0.084599	  0.013015	  0.854664	
  0.852495	  0.039046	  0.108460	  0.000000	
  0.002169	  0.006508	  0.980477	  0.010846	
  0.978308	  0.006508	  0.006508	  0.008677	
  0.774403	  0.030369	  0.086768	  0.108460	
  0.190889	  0.190889	  0.422993	  0.195228	

