MEME version 4.4

ALPHABET= ACGT

strands: + -

Background letter frequencies (from /mnt/thumper-e1/home/shhuang/projects/dap/analysis.v4/gem07_rep_memechip03/AP2EREBP_tnt/ERF1_col_a/background):
A 0.25900 C 0.24100 G 0.24100 T 0.25900 

MOTIF AP2EREBP_tnt.ERF1_col_a_m1 MEME

letter-probability matrix: alength= 4 w= 28 nsites= 581 E= 5.1e-1419
  0.204819	  0.423408	  0.151463	  0.220310	
  0.220310	  0.358003	  0.118761	  0.302926	
  0.237522	  0.216867	  0.282272	  0.263339	
  0.180723	  0.418244	  0.144578	  0.256454	
  0.251291	  0.449225	  0.082616	  0.216867	
  0.289157	  0.051635	  0.246127	  0.413081	
  0.108434	  0.444062	  0.096386	  0.351119	
  0.456110	  0.542169	  0.001721	  0.000000	
  0.000000	  0.000000	  0.993115	  0.006885	
  0.000000	  0.998279	  0.000000	  0.001721	
  0.000000	  0.996558	  0.000000	  0.003442	
  0.000000	  0.000000	  1.000000	  0.000000	
  0.000000	  1.000000	  0.000000	  0.000000	
  0.003442	  0.994836	  0.000000	  0.001721	
  0.442341	  0.012048	  0.419966	  0.125645	
  0.032702	  0.516351	  0.087780	  0.363167	
  0.209983	  0.397590	  0.079174	  0.313253	
  0.375215	  0.072289	  0.323580	  0.228916	
  0.246127	  0.370052	  0.137694	  0.246127	
  0.271945	  0.344234	  0.117040	  0.266781	
  0.320138	  0.101549	  0.340792	  0.237522	
  0.208262	  0.382100	  0.179002	  0.230637	
  0.208262	  0.370052	  0.144578	  0.277108	
  0.240964	  0.223752	  0.328744	  0.206540	
  0.209983	  0.352840	  0.137694	  0.299484	
  0.225473	  0.392427	  0.158348	  0.223752	
  0.244406	  0.182444	  0.306368	  0.266781	
  0.211704	  0.342513	  0.185886	  0.259897	

