MEME version 4.4

ALPHABET= ACGT

strands: + -

Background letter frequencies (from /mnt/thumper-e1/home/shhuang/projects/dap/analysis.v4/gem07_rep_memechip03/NAC_tnt/VND3_colamp_a/background):
A 0.31100 C 0.18900 G 0.18900 T 0.31100 

MOTIF NAC_tnt.VND3_colamp_a_m1 MEME

letter-probability matrix: alength= 4 w= 17 nsites= 587 E= 1.2e-1255
  0.011925	  0.988075	  0.000000	  0.000000	
  0.000000	  0.000000	  0.407155	  0.592845	
  0.000000	  0.000000	  0.000000	  1.000000	
  0.376491	  0.071550	  0.517888	  0.034072	
  0.402044	  0.211244	  0.161840	  0.224872	
  0.463373	  0.115843	  0.248722	  0.172061	
  0.347530	  0.185690	  0.255537	  0.211244	
  0.335605	  0.194208	  0.136286	  0.333901	
  0.383305	  0.129472	  0.177172	  0.310051	
  0.095400	  0.502555	  0.264055	  0.137990	
  0.994889	  0.005111	  0.000000	  0.000000	
  0.809199	  0.190801	  0.000000	  0.000000	
  0.000000	  0.000000	  0.993186	  0.006814	
  0.059625	  0.741056	  0.054514	  0.144804	
  0.851789	  0.030664	  0.023850	  0.093697	
  0.969336	  0.000000	  0.000000	  0.030664	
  0.165247	  0.378194	  0.165247	  0.291312	

