MEME version 4.4

ALPHABET= ACGT

strands: + -

Background letter frequencies (from /mnt/thumper-e1/home/shhuang/projects/dap/analysis.v4/gem07_rep_memechip03/C2H2_tnt/WIP5_col_a/background):
A 0.31300 C 0.18700 G 0.18700 T 0.31300 

MOTIF C2H2_tnt.WIP5_col_a_m1 MEME

letter-probability matrix: alength= 4 w= 15 nsites= 557 E= 1.0e-394
  0.360862	  0.125673	  0.080790	  0.432675	
  0.666068	  0.096948	  0.210054	  0.026930	
  0.109515	  0.755835	  0.116697	  0.017953	
  0.055655	  0.933573	  0.000000	  0.010772	
  0.012567	  0.156194	  0.086176	  0.745063	
  0.235189	  0.080790	  0.520646	  0.163375	
  0.057451	  0.251346	  0.675045	  0.016158	
  0.888689	  0.026930	  0.053860	  0.030521	
  0.000000	  0.073609	  0.698384	  0.228007	
  0.552962	  0.204668	  0.064632	  0.177738	
  0.736086	  0.026930	  0.129264	  0.107720	
  0.215440	  0.403950	  0.186715	  0.193896	
  0.728905	  0.053860	  0.145422	  0.071813	
  0.470377	  0.030521	  0.014363	  0.484740	
  0.493716	  0.141831	  0.269300	  0.095153	

