MEME version 4.4

ALPHABET= ACGT

strands: + -

Background letter frequencies (from /mnt/thumper-e1/home/shhuang/projects/dap/analysis.v4/gem07_rep_memechip03/C2C2dof_tnt/AT3G52440_colamp_a/background):
A 0.34600 C 0.15400 G 0.15400 T 0.34600 

MOTIF C2C2dof_tnt.AT3G52440_colamp_a_m1 MEME

letter-probability matrix: alength= 4 w= 21 nsites= 600 E= 1.8e-595
  0.480000	  0.110000	  0.100000	  0.310000	
  0.441667	  0.118333	  0.121667	  0.318333	
  0.298333	  0.098333	  0.248333	  0.355000	
  0.188333	  0.088333	  0.211667	  0.511667	
  0.103333	  0.191667	  0.080000	  0.625000	
  0.363333	  0.228333	  0.043333	  0.365000	
  0.531667	  0.260000	  0.126667	  0.081667	
  0.000000	  1.000000	  0.000000	  0.000000	
  0.000000	  0.001667	  0.000000	  0.998333	
  0.000000	  0.000000	  0.000000	  1.000000	
  0.000000	  0.000000	  0.000000	  1.000000	
  0.175000	  0.003333	  0.000000	  0.821667	
  0.068333	  0.110000	  0.033333	  0.788333	
  0.200000	  0.275000	  0.275000	  0.250000	
  0.240000	  0.276667	  0.131667	  0.351667	
  0.186667	  0.288333	  0.101667	  0.423333	
  0.161667	  0.213333	  0.116667	  0.508333	
  0.126667	  0.193333	  0.091667	  0.588333	
  0.131667	  0.213333	  0.076667	  0.578333	
  0.200000	  0.111667	  0.081667	  0.606667	
  0.206667	  0.138333	  0.083333	  0.571667	

