MEME version 4.4

ALPHABET= ACGT

strands: + -

Background letter frequencies (from /mnt/thumper-e1/home/shhuang/projects/dap/analysis.v4/gem07_rep_memechip03/NAC_tnt/ANAC016_colamp_a/background):
A 0.29600 C 0.20300 G 0.20300 T 0.29600 

MOTIF NAC_tnt.ANAC016_colamp_a_m1 MEME

letter-probability matrix: alength= 4 w= 15 nsites= 593 E= 1.6e-1417
  0.000000	  1.000000	  0.000000	  0.000000	
  0.000000	  0.000000	  0.345700	  0.654300	
  0.000000	  0.000000	  0.000000	  1.000000	
  0.000000	  0.000000	  1.000000	  0.000000	
  0.139966	  0.330523	  0.332209	  0.197302	
  0.401349	  0.170320	  0.198988	  0.229342	
  0.161889	  0.195616	  0.453626	  0.188870	
  0.435076	  0.269815	  0.215852	  0.079258	
  0.396290	  0.151771	  0.207420	  0.244519	
  0.001686	  0.954469	  0.015177	  0.028668	
  1.000000	  0.000000	  0.000000	  0.000000	
  0.509275	  0.490725	  0.000000	  0.000000	
  0.001686	  0.000000	  0.971332	  0.026981	
  0.060708	  0.305228	  0.261383	  0.372681	
  0.701518	  0.197302	  0.000000	  0.101180	

