MEME version 4.4

ALPHABET= ACGT

strands: + -

Background letter frequencies (from /mnt/thumper-e1/home/shhuang/projects/dap/analysis.v4/gem07_rep_memechip03/AP2EREBP_tnt/CBF1_colamp_a/background):
A 0.28700 C 0.21200 G 0.21200 T 0.28700 

MOTIF AP2EREBP_tnt.CBF1_colamp_a_m1 MEME

letter-probability matrix: alength= 4 w= 15 nsites= 598 E= 8.7e-983
  0.260870	  0.257525	  0.128763	  0.352843	
  0.147157	  0.225753	  0.324415	  0.302676	
  0.650502	  0.020067	  0.132107	  0.197324	
  0.108696	  0.135452	  0.065217	  0.690635	
  0.000000	  0.000000	  1.000000	  0.000000	
  0.000000	  0.000000	  0.000000	  1.000000	
  0.000000	  1.000000	  0.000000	  0.000000	
  0.000000	  0.000000	  1.000000	  0.000000	
  0.013378	  0.000000	  0.986622	  0.000000	
  0.000000	  0.536789	  0.000000	  0.463211	
  0.359532	  0.163880	  0.371237	  0.105351	
  0.421405	  0.103679	  0.314381	  0.160535	
  0.342809	  0.240803	  0.168896	  0.247492	
  0.254181	  0.168896	  0.354515	  0.222408	
  0.329431	  0.148829	  0.260870	  0.260870	

