MEME version 4.4

ALPHABET= ACGT

strands: + -

Background letter frequencies (from /mnt/thumper-e1/home/shhuang/projects/dap/analysis.v4/gem07_rep_memechip03/bZIP_tnt/GBF5_col_v3a/background):
A 0.29600 C 0.20400 G 0.20400 T 0.29600 

MOTIF bZIP_tnt.GBF5_col_v3a_m1 MEME

letter-probability matrix: alength= 4 w= 15 nsites= 576 E= 7.5e-1740
  0.309028	  0.118056	  0.305556	  0.267361	
  0.404514	  0.119792	  0.168403	  0.307292	
  0.258681	  0.071181	  0.102431	  0.567708	
  0.010417	  0.006944	  0.817708	  0.164931	
  0.223958	  0.609375	  0.140625	  0.026042	
  0.050347	  0.095486	  0.000000	  0.854167	
  0.000000	  0.119792	  0.803819	  0.076389	
  1.000000	  0.000000	  0.000000	  0.000000	
  0.000000	  0.991319	  0.003472	  0.005208	
  0.003472	  0.006944	  0.989583	  0.000000	
  0.003472	  0.000000	  0.000000	  0.996528	
  0.000000	  0.000000	  1.000000	  0.000000	
  0.000000	  0.000000	  0.782986	  0.217014	
  0.236111	  0.753472	  0.003472	  0.006944	
  0.612847	  0.138889	  0.135417	  0.112847	

