MEME version 4.4

ALPHABET= ACGT

strands: + -

Background letter frequencies (from /mnt/thumper-e1/home/shhuang/projects/dap/analysis.v4/gem07_rep_memechip03/C2C2gata_tnt/GATA4_col_a/background):
A 0.30200 C 0.19800 G 0.19800 T 0.30200 

MOTIF C2C2gata_tnt.GATA4_col_a_m1 MEME

letter-probability matrix: alength= 4 w= 15 nsites= 594 E= 3.6e-808
  0.267677	  0.170034	  0.065657	  0.496633	
  0.168350	  0.259259	  0.134680	  0.437710	
  0.170034	  0.306397	  0.134680	  0.388889	
  0.058923	  0.461279	  0.106061	  0.373737	
  0.572391	  0.104377	  0.274411	  0.048822	
  0.048822	  0.000000	  0.951178	  0.000000	
  1.000000	  0.000000	  0.000000	  0.000000	
  0.000000	  0.000000	  0.000000	  1.000000	
  0.000000	  0.944444	  0.000000	  0.055556	
  0.000000	  0.319865	  0.072391	  0.607744	
  0.410774	  0.015152	  0.574074	  0.000000	
  0.535354	  0.015152	  0.363636	  0.085859	
  0.513468	  0.040404	  0.038721	  0.407407	
  0.053872	  0.281145	  0.030303	  0.634680	
  0.119529	  0.505051	  0.053872	  0.321549	

