MEME version 4.4

ALPHABET= ACGT

strands: + -

Background letter frequencies (from /mnt/thumper-e1/home/shhuang/projects/dap/analysis.v4/gem07_rep_memechip03/NAC_tnt/ANAC058_colamp_a/background):
A 0.31300 C 0.18700 G 0.18700 T 0.31300 

MOTIF NAC_tnt.ANAC058_colamp_a_m1 MEME

letter-probability matrix: alength= 4 w= 18 nsites= 575 E= 5.4e-1153
  0.118261	  0.006957	  0.090435	  0.784348	
  0.297391	  0.060870	  0.175652	  0.466087	
  0.010435	  0.989565	  0.000000	  0.000000	
  0.000000	  0.000000	  0.299130	  0.700870	
  0.000000	  0.000000	  0.000000	  1.000000	
  0.073043	  0.093913	  0.770435	  0.062609	
  0.153043	  0.240000	  0.059130	  0.547826	
  0.250435	  0.187826	  0.269565	  0.292174	
  0.224348	  0.281739	  0.196522	  0.297391	
  0.252174	  0.280000	  0.133913	  0.333913	
  0.551304	  0.066087	  0.168696	  0.213913	
  0.000000	  0.709565	  0.090435	  0.200000	
  0.996522	  0.001739	  0.001739	  0.000000	
  0.605217	  0.393043	  0.001739	  0.000000	
  0.000000	  0.003478	  0.947826	  0.048696	
  0.208696	  0.217391	  0.099130	  0.474783	
  0.436522	  0.172174	  0.013913	  0.377391	
  0.833043	  0.003478	  0.006957	  0.156522	

