MEME version 4.4

ALPHABET= ACGT

strands: + -

Background letter frequencies (from /mnt/thumper-e1/home/shhuang/projects/dap/analysis.v4/gem07_rep_memechip03/AP2EREBP_tnt/ERF11_colamp_a/background):
A 0.26400 C 0.23600 G 0.23600 T 0.26400 

MOTIF AP2EREBP_tnt.ERF11_colamp_a_m1 MEME

letter-probability matrix: alength= 4 w= 20 nsites= 569 E= 7.0e-1122
  0.274165	  0.133568	  0.379613	  0.212654	
  0.328647	  0.130053	  0.367311	  0.173989	
  0.367311	  0.217926	  0.138840	  0.275923	
  0.411248	  0.077329	  0.216169	  0.295255	
  0.493849	  0.063269	  0.242531	  0.200351	
  0.131810	  0.258348	  0.000000	  0.609842	
  0.052724	  0.000000	  0.818981	  0.128295	
  0.277680	  0.005272	  0.673111	  0.043937	
  0.000000	  1.000000	  0.000000	  0.000000	
  0.000000	  0.000000	  0.998243	  0.001757	
  0.000000	  0.000000	  1.000000	  0.000000	
  0.000000	  0.998243	  0.000000	  0.001757	
  0.008787	  0.000000	  0.892794	  0.098418	
  0.094903	  0.216169	  0.613357	  0.075571	
  0.300527	  0.339192	  0.093146	  0.267135	
  0.186292	  0.056239	  0.572935	  0.184534	
  0.270650	  0.140598	  0.428822	  0.159930	
  0.335677	  0.263620	  0.158172	  0.242531	
  0.282953	  0.105448	  0.391916	  0.219684	
  0.307557	  0.159930	  0.333919	  0.198594	

