MEME version 4.4

ALPHABET= ACGT

strands: + -

Background letter frequencies (from /mnt/thumper-e1/home/shhuang/projects/dap/analysis.v4/gem07_rep_memechip03/bZIP_tnt/TGA10_colamp_a/background):
A 0.29700 C 0.20300 G 0.20300 T 0.29700 

MOTIF bZIP_tnt.TGA10_colamp_a_m1 MEME

letter-probability matrix: alength= 4 w= 14 nsites= 600 E= 8.4e-1730
  0.326667	  0.111667	  0.293333	  0.268333	
  0.491667	  0.101667	  0.391667	  0.015000	
  0.003333	  0.001667	  0.000000	  0.995000	
  0.000000	  0.005000	  0.981667	  0.013333	
  1.000000	  0.000000	  0.000000	  0.000000	
  0.000000	  0.981667	  0.000000	  0.018333	
  0.033333	  0.001667	  0.965000	  0.000000	
  0.000000	  0.000000	  0.000000	  1.000000	
  0.095000	  0.905000	  0.000000	  0.000000	
  0.993333	  0.000000	  0.003333	  0.003333	
  0.000000	  0.136667	  0.336667	  0.526667	
  0.051667	  0.715000	  0.100000	  0.133333	
  0.513333	  0.095000	  0.175000	  0.216667	
  0.280000	  0.131667	  0.156667	  0.431667	

