MEME version 4.4

ALPHABET= ACGT

strands: + -

Background letter frequencies (from /mnt/thumper-e1/home/shhuang/projects/dap/analysis.v4/gem07_rep_memechip03/AP2EREBP_tnt/CRF4_col_a/background):
A 0.24600 C 0.25400 G 0.25400 T 0.24600 

MOTIF AP2EREBP_tnt.CRF4_col_a_m1 MEME

letter-probability matrix: alength= 4 w= 21 nsites= 226 E= 4.5e-492
  0.070796	  0.544248	  0.150442	  0.234513	
  0.212389	  0.637168	  0.000000	  0.150442	
  0.194690	  0.057522	  0.340708	  0.407080	
  0.048673	  0.818584	  0.097345	  0.035398	
  0.053097	  0.915929	  0.000000	  0.030973	
  0.115044	  0.008850	  0.769912	  0.106195	
  0.000000	  1.000000	  0.000000	  0.000000	
  0.000000	  1.000000	  0.000000	  0.000000	
  0.053097	  0.000000	  0.920354	  0.026549	
  0.000000	  0.840708	  0.000000	  0.159292	
  0.070796	  0.915929	  0.000000	  0.013274	
  0.384956	  0.044248	  0.464602	  0.106195	
  0.057522	  0.703540	  0.039823	  0.199115	
  0.137168	  0.553097	  0.115044	  0.194690	
  0.292035	  0.044248	  0.389381	  0.274336	
  0.154867	  0.561947	  0.075221	  0.207965	
  0.247788	  0.473451	  0.106195	  0.172566	
  0.212389	  0.079646	  0.420354	  0.287611	
  0.057522	  0.716814	  0.110619	  0.115044	
  0.061947	  0.637168	  0.097345	  0.203540	
  0.221239	  0.150442	  0.402655	  0.225664	

