MEME version 4.4

ALPHABET= ACGT

strands: + -

Background letter frequencies (from /mnt/thumper-e1/home/shhuang/projects/dap/analysis.v4/gem07_rep_memechip03/WRKY_tnt/WRKY18_colamp_a/background):
A 0.30900 C 0.19100 G 0.19100 T 0.30900 

MOTIF WRKY_tnt.WRKY18_colamp_a_m1 MEME

letter-probability matrix: alength= 4 w= 13 nsites= 600 E= 1.8e-785
  0.095000	  0.490000	  0.103333	  0.311667	
  0.128333	  0.175000	  0.515000	  0.181667	
  0.006667	  0.001667	  0.001667	  0.990000	
  0.008333	  0.000000	  0.000000	  0.991667	
  0.000000	  0.000000	  0.995000	  0.005000	
  0.990000	  0.001667	  0.006667	  0.001667	
  0.000000	  0.996667	  0.000000	  0.003333	
  0.001667	  0.243333	  0.003333	  0.751667	
  0.188333	  0.063333	  0.090000	  0.658333	
  0.166667	  0.113333	  0.135000	  0.585000	
  0.145000	  0.201667	  0.233333	  0.420000	
  0.220000	  0.171667	  0.216667	  0.391667	
  0.233333	  0.273333	  0.151667	  0.341667	

