MEME version 4.4

ALPHABET= ACGT

strands: + -

Background letter frequencies (from /mnt/thumper-e1/home/shhuang/projects/dap/analysis.v4/gem07_rep_memechip03/NAC_tnt/ANAC070_col/background):
A 0.32300 C 0.17700 G 0.17700 T 0.32300 

MOTIF NAC_tnt.ANAC070_col_m1 MEME

letter-probability matrix: alength= 4 w= 21 nsites= 599 E= 2.8e-1484
  0.165275	  0.120200	  0.520868	  0.193656	
  0.320534	  0.073456	  0.435726	  0.170284	
  0.178631	  0.005008	  0.003339	  0.813022	
  0.452421	  0.006678	  0.146912	  0.393990	
  0.492487	  0.030050	  0.454090	  0.023372	
  0.100167	  0.891486	  0.000000	  0.008347	
  0.000000	  0.000000	  0.732888	  0.267112	
  0.000000	  0.000000	  0.000000	  1.000000	
  0.482471	  0.063439	  0.450751	  0.003339	
  0.417362	  0.193656	  0.118531	  0.270451	
  0.500835	  0.105175	  0.207012	  0.186978	
  0.398998	  0.148581	  0.148581	  0.303840	
  0.295492	  0.180301	  0.073456	  0.450751	
  0.382304	  0.083472	  0.158598	  0.375626	
  0.053422	  0.525876	  0.196995	  0.223706	
  0.998331	  0.001669	  0.000000	  0.000000	
  0.689482	  0.310518	  0.000000	  0.000000	
  0.000000	  0.001669	  0.949917	  0.048414	
  0.140234	  0.515860	  0.086811	  0.257095	
  0.697830	  0.081803	  0.018364	  0.202003	
  0.928214	  0.000000	  0.001669	  0.070117	

