MEME version 4.4

ALPHABET= ACGT

strands: + -

Background letter frequencies (from /mnt/thumper-e1/home/shhuang/projects/dap/analysis.v4/gem07_rep_memechip03/ABI3VP1_tnt/FUS3_col_a/background):
A 0.33400 C 0.16600 G 0.16600 T 0.33400 

MOTIF ABI3VP1_tnt.FUS3_col_a_m1 MEME

letter-probability matrix: alength= 4 w= 15 nsites= 589 E= 1.6e-1140
  0.541596	  0.129032	  0.105263	  0.224109	
  0.273345	  0.263158	  0.106961	  0.356537	
  0.580645	  0.079796	  0.159593	  0.179966	
  0.152801	  0.200340	  0.056027	  0.590832	
  0.460102	  0.084890	  0.390492	  0.064516	
  0.000000	  1.000000	  0.000000	  0.000000	
  1.000000	  0.000000	  0.000000	  0.000000	
  0.000000	  0.000000	  0.000000	  1.000000	
  0.005093	  0.001698	  0.993209	  0.000000	
  0.000000	  1.000000	  0.000000	  0.000000	
  0.998302	  0.000000	  0.001698	  0.000000	
  0.349745	  0.050934	  0.039049	  0.560272	
  0.351443	  0.098472	  0.388795	  0.161290	
  0.229202	  0.376910	  0.130730	  0.263158	
  0.558574	  0.106961	  0.130730	  0.203735	

