MEME version 4.4

ALPHABET= ACGT

strands: + -

Background letter frequencies (from /mnt/thumper-e1/home/shhuang/projects/dap/analysis.v4/gem07_rep_memechip03/NAC_tnt/CUC3_col_a/background):
A 0.30600 C 0.19400 G 0.19400 T 0.30600 

MOTIF NAC_tnt.CUC3_col_a_m1 MEME

letter-probability matrix: alength= 4 w= 18 nsites= 569 E= 6.6e-1275
  0.499121	  0.094903	  0.330404	  0.075571	
  0.040422	  0.952548	  0.000000	  0.007030	
  0.000000	  0.000000	  0.778559	  0.221441	
  0.000000	  0.000000	  0.000000	  1.000000	
  0.253076	  0.010545	  0.732865	  0.003515	
  0.307557	  0.131810	  0.043937	  0.516696	
  0.413005	  0.115993	  0.268893	  0.202109	
  0.337434	  0.181019	  0.256591	  0.224956	
  0.369069	  0.237258	  0.156415	  0.237258	
  0.692443	  0.035149	  0.142355	  0.130053	
  0.012302	  0.702988	  0.135325	  0.149385	
  0.992970	  0.007030	  0.000000	  0.000000	
  0.557118	  0.437610	  0.000000	  0.005272	
  0.008787	  0.000000	  0.970123	  0.021090	
  0.198594	  0.376098	  0.124780	  0.300527	
  0.644991	  0.133568	  0.019332	  0.202109	
  0.973638	  0.003515	  0.001757	  0.021090	
  0.237258	  0.358524	  0.151142	  0.253076	

