MEME version 4.4

ALPHABET= ACGT

strands: + -

Background letter frequencies (from /mnt/thumper-e1/home/shhuang/projects/dap/analysis.v4/gem07_rep_memechip03/WRKY_tnt/WRKY11_col_a/background):
A 0.31600 C 0.18400 G 0.18400 T 0.31600 

MOTIF WRKY_tnt.WRKY11_col_a_m1 MEME

letter-probability matrix: alength= 4 w= 14 nsites= 597 E= 1.0e-1317
  0.380235	  0.112228	  0.289782	  0.217755	
  0.249581	  0.182580	  0.298157	  0.269682	
  0.179229	  0.599665	  0.140704	  0.080402	
  0.018425	  0.000000	  0.857621	  0.123953	
  0.000000	  0.001675	  0.000000	  0.998325	
  0.001675	  0.000000	  0.000000	  0.998325	
  0.000000	  0.000000	  1.000000	  0.000000	
  0.996650	  0.000000	  0.003350	  0.000000	
  0.000000	  1.000000	  0.000000	  0.000000	
  0.026801	  0.078727	  0.000000	  0.894472	
  0.098827	  0.033501	  0.013400	  0.854271	
  0.093802	  0.070352	  0.061977	  0.773869	
  0.170854	  0.117253	  0.155779	  0.556114	
  0.241206	  0.142379	  0.232831	  0.383585	

