MEME version 4.4

ALPHABET= ACGT

strands: + -

Background letter frequencies (from /mnt/thumper-e1/home/shhuang/projects/dap/analysis.v4/gem07_rep_memechip03/bZIP_tnt/bZIP53_colamp_a/background):
A 0.30300 C 0.19700 G 0.19700 T 0.30300 

MOTIF bZIP_tnt.bZIP53_colamp_a_m1 MEME

letter-probability matrix: alength= 4 w= 15 nsites= 538 E= 7.1e-1707
  0.297398	  0.111524	  0.286245	  0.304833	
  0.381041	  0.130112	  0.178439	  0.310409	
  0.275093	  0.078067	  0.105948	  0.540892	
  0.061338	  0.011152	  0.799257	  0.128253	
  0.323420	  0.592937	  0.079926	  0.003717	
  0.005576	  0.027881	  0.000000	  0.966543	
  0.000000	  0.000000	  0.894052	  0.105948	
  1.000000	  0.000000	  0.000000	  0.000000	
  0.000000	  0.992565	  0.000000	  0.007435	
  0.001859	  0.000000	  0.998141	  0.000000	
  0.000000	  0.000000	  0.000000	  1.000000	
  0.000000	  0.000000	  1.000000	  0.000000	
  0.000000	  0.000000	  0.732342	  0.267658	
  0.215613	  0.750929	  0.005576	  0.027881	
  0.592937	  0.143123	  0.139405	  0.124535	

