MEME version 4.4

ALPHABET= ACGT

strands: + -

Background letter frequencies (from /mnt/thumper-e1/home/shhuang/projects/dap/analysis.v4/gem07_rep_memechip03/AP2EREBP_tnt/AT1G44830_col_a/background):
A 0.24500 C 0.25500 G 0.25500 T 0.24500 

MOTIF AP2EREBP_tnt.AT1G44830_col_a_m1 MEME

letter-probability matrix: alength= 4 w= 15 nsites= 595 E= 1.6e-1289
  0.102521	  0.574790	  0.087395	  0.235294	
  0.134454	  0.663866	  0.067227	  0.134454	
  0.394958	  0.095798	  0.233613	  0.275630	
  0.127731	  0.606723	  0.082353	  0.183193	
  0.131092	  0.680672	  0.055462	  0.132773	
  0.240336	  0.042017	  0.346218	  0.371429	
  0.038655	  0.749580	  0.065546	  0.146218	
  0.001681	  0.994958	  0.000000	  0.003361	
  0.858824	  0.000000	  0.122689	  0.018487	
  0.000000	  1.000000	  0.000000	  0.000000	
  0.000000	  1.000000	  0.000000	  0.000000	
  0.045378	  0.000000	  0.954622	  0.000000	
  0.275630	  0.515966	  0.015126	  0.193277	
  0.000000	  0.993277	  0.000000	  0.006723	
  0.589916	  0.003361	  0.230252	  0.176471	

