MEME version 4.4

ALPHABET= ACGT

strands: + -

Background letter frequencies (from /mnt/thumper-e1/home/shhuang/projects/dap/analysis.v4/gem07_rep_memechip03/C2C2dof_tnt/AT1G47655_colamp_a/background):
A 0.32900 C 0.17100 G 0.17100 T 0.32900 

MOTIF C2C2dof_tnt.AT1G47655_colamp_a_m1 MEME

letter-probability matrix: alength= 4 w= 15 nsites= 571 E= 6.0e-356
  0.087566	  0.329247	  0.108581	  0.474606	
  0.131349	  0.364273	  0.000000	  0.504378	
  0.073555	  0.190893	  0.071804	  0.663748	
  0.089317	  0.082312	  0.052539	  0.775832	
  0.026270	  0.210158	  0.021016	  0.742557	
  0.136602	  0.115587	  0.138354	  0.609457	
  0.227671	  0.169877	  0.234676	  0.367776	
  0.000000	  0.964974	  0.008757	  0.026270	
  0.000000	  0.073555	  0.000000	  0.926445	
  0.000000	  0.021016	  0.000000	  0.978984	
  0.007005	  0.089317	  0.000000	  0.903678	
  0.164623	  0.110333	  0.106830	  0.618214	
  0.050788	  0.189142	  0.143608	  0.616462	
  0.092820	  0.320490	  0.241681	  0.345009	
  0.203152	  0.208406	  0.126095	  0.462347	

